Date,01,02,03,04,05,06,07,08,09,10,11,12
2006-01-01,34.12425364878785,102.9072165256941,116.08734459207224,223.57484810368447,251.79042175035678,269.57994599135736,60.37204566454906,7.300562371239424,18.77510656532588,7.4952363874637635,14.738164235591682,50.907445534000644
2006-02-01,102.9072165256941,116.08734459207224,223.57484810368447,251.79042175035678,269.57994599135736,60.37204566454906,7.300562371239424,18.77510656532588,7.4952363874637635,14.738164235591682,50.907445534000644,68.36957498687323
2006-03-01,144.9191416832783,213.43055403716147,247.86586614721693,179.78520038446112,39.27788682606709,5.748376818080972,11.474935662680133,7.4952363874637635,14.738164235591682,50.907445534000644,68.36957498687323,122.8127286845982
2006-04-01,205.82233348726922,244.92244944486202,112.43914117928897,23.45726769720561,4.584237653212134,5.999807485695823,7.4952363874637635,14.738164235591682,50.907445534000644,68.36957498687323,122.8127286845982,190.05315704952716
2006-05-01,244.92244944486202,112.43914117928897,23.45726769720561,4.584237653212134,5.999807485695823,7.4952363874637635,14.738164235591682,50.907445534000644,68.36957498687323,122.8127286845982,190.05315704952716,197.64943482376137
2006-06-01,112.43914117928897,23.45726769720561,4.584237653212134,5.999807485695823,7.4952363874637635,14.738164235591682,50.907445534000644,68.36957498687323,122.8127286845982,190.05315704952716,197.64943482376137,272.9430930047678
2006-07-01,23.45726769720561,4.584237653212134,5.999807485695823,7.4952363874637635,14.738164235591682,50.907445534000644,68.36957498687323,122.8127286845982,190.05315704952716,197.64943482376137,272.9430930047678,123.84451162033302
2006-08-01,4.584237653212134,5.999807485695823,7.4952363874637635,14.738164235591682,50.907445534000644,68.36957498687323,122.8127286845982,190.05315704952716,197.64943482376137,272.9430930047678,123.84451162033302,20.37693647814453
2006-09-01,5.999807485695823,7.4952363874637635,14.738164235591682,50.907445534000644,68.36957498687323,122.8127286845982,190.05315704952716,197.64943482376137,272.9430930047678,123.84451162033302,20.37693647814453,4.6258632270044755
2006-10-01,7.4952363874637635,14.738164235591682,50.907445534000644,68.36957498687323,122.8127286845982,190.05315704952716,197.64943482376137,272.9430930047678,123.84451162033302,20.37693647814453,4.6258632270044755,2.3550069403713945
2006-11-01,14.738164235591682,50.907445534000644,68.36957498687323,122.8127286845982,190.05315704952716,197.64943482376137,272.9430930047678,123.84451162033302,20.37693647814453,4.6258632270044755,2.3550069403713945,4.1533395630813255
2006-12-01,50.907445534000644,68.36957498687323,122.8127286845982,190.05315704952716,197.64943482376137,272.9430930047678,123.84451162033302,20.37693647814453,4.6258632270044755,2.3550069403713945,4.1533395630813255,11.728916945485945
2007-01-01,55.72141699627278,150.0214960701496,221.8830985573718,186.79680411789917,377.8833177699326,320.9041129760556,46.5105551787742,7.48787745330496,2.373504111365956,4.1533395630813255,11.728916945485945,49.08041937120114
2007-02-01,150.0214960701496,221.8830985573718,186.79680411789917,377.8833177699326,320.9041129760556,46.5105551787742,7.48787745330496,2.373504111365956,4.1533395630813255,11.728916945485945,49.08041937120114,59.098773122611924
2007-03-01,203.69456055288916,192.99830737839184,317.9174750469813,208.29862648707126,31.577058778414383,5.852440752561826,2.362934299369064,4.1533395630813255,11.728916945485945,49.08041937120114,59.098773122611924,99.27760654135828
2007-04-01,197.64943482376137,272.9430930047678,123.84451162033302,20.37693647814453,4.6258632270044755,2.3550069403713945,4.1533395630813255,11.728916945485945,49.08041937120114,59.098773122611924,99.27760654135828,157.9001891601238
2007-05-01,272.9430930047678,123.84451162033302,20.37693647814453,4.6258632270044755,2.3550069403713945,4.1533395630813255,11.728916945485945,49.08041937120114,59.098773122611924,99.27760654135828,157.9001891601238,184.62586248825568
2007-06-01,123.84451162033302,20.37693647814453,4.6258632270044755,2.3550069403713945,4.1533395630813255,11.728916945485945,49.08041937120114,59.098773122611924,99.27760654135828,157.9001891601238,184.62586248825568,204.27280713568788
2007-07-01,20.37693647814453,4.6258632270044755,2.3550069403713945,4.1533395630813255,11.728916945485945,49.08041937120114,59.098773122611924,99.27760654135828,157.9001891601238,184.62586248825568,204.27280713568788,55.78866621012829
2007-08-01,4.6258632270044755,2.3550069403713945,4.1533395630813255,11.728916945485945,49.08041937120114,59.098773122611924,99.27760654135828,157.9001891601238,184.62586248825568,204.27280713568788,55.78866621012829,11.079342161314761
2007-09-01,2.3550069403713945,4.1533395630813255,11.728916945485945,49.08041937120114,59.098773122611924,99.27760654135828,157.9001891601238,184.62586248825568,204.27280713568788,55.78866621012829,11.079342161314761,3.849282750283034
2007-10-01,4.1533395630813255,11.728916945485945,49.08041937120114,59.098773122611924,99.27760654135828,157.9001891601238,184.62586248825568,204.27280713568788,55.78866621012829,11.079342161314761,3.849282750283034,20.44228881107504
2007-11-01,11.728916945485945,49.08041937120114,59.098773122611924,99.27760654135828,157.9001891601238,184.62586248825568,204.27280713568788,55.78866621012829,11.079342161314761,3.849282750283034,20.44228881107504,5.769079204681825
2007-12-01,49.08041937120114,59.098773122611924,99.27760654135828,157.9001891601238,184.62586248825568,204.27280713568788,55.78866621012829,11.079342161314761,3.849282750283034,20.44228881107504,5.769079204681825,9.958369576441585
2008-01-01,14.002808607096867,44.113446425569975,77.19474305505662,128.19072860812352,68.86703135907314,14.652808630134267,4.671380753040244,3.993265308058474,83.76627252953236,5.769079204681825,9.958369576441585,48.83316002311341
2008-02-01,44.113446425569975,77.19474305505662,128.19072860812352,68.86703135907314,14.652808630134267,4.671380753040244,3.993265308058474,83.76627252953236,5.769079204681825,9.958369576441585,48.83316002311341,59.251098030973814
2008-03-01,123.31214082938072,160.4393765396276,146.24176037428157,38.15901296155942,8.333072986339968,3.9109895607582223,47.58113897612817,5.769079204681825,9.958369576441585,48.83316002311341,59.251098030973814,100.15826012250324
2008-04-01,184.62586248825568,204.27280713568788,55.78866621012829,11.079342161314761,3.849282750283034,20.44228881107504,5.769079204681825,9.958369576441585,48.83316002311341,59.251098030973814,100.15826012250324,154.37732663323527
2008-05-01,204.27280713568788,55.78866621012829,11.079342161314761,3.849282750283034,20.44228881107504,5.769079204681825,9.958369576441585,48.83316002311341,59.251098030973814,100.15826012250324,154.37732663323527,193.0605098255034
2008-06-01,55.78866621012829,11.079342161314761,3.849282750283034,20.44228881107504,5.769079204681825,9.958369576441585,48.83316002311341,59.251098030973814,100.15826012250324,154.37732663323527,193.0605098255034,223.4276272842579
2008-07-01,11.079342161314761,3.849282750283034,20.44228881107504,5.769079204681825,9.958369576441585,48.83316002311341,59.251098030973814,100.15826012250324,154.37732663323527,193.0605098255034,223.4276272842579,72.76567410152853
2008-08-01,3.849282750283034,20.44228881107504,5.769079204681825,9.958369576441585,48.83316002311341,59.251098030973814,100.15826012250324,154.37732663323527,193.0605098255034,223.4276272842579,72.76567410152853,12.152244827989522
2008-09-01,20.44228881107504,5.769079204681825,9.958369576441585,48.83316002311341,59.251098030973814,100.15826012250324,154.37732663323527,193.0605098255034,223.4276272842579,72.76567410152853,12.152244827989522,3.7747378339253777
2008-10-01,5.769079204681825,9.958369576441585,48.83316002311341,59.251098030973814,100.15826012250324,154.37732663323527,193.0605098255034,223.4276272842579,72.76567410152853,12.152244827989522,3.7747378339253777,2.3549979212118433
2008-11-01,9.958369576441585,48.83316002311341,59.251098030973814,100.15826012250324,154.37732663323527,193.0605098255034,223.4276272842579,72.76567410152853,12.152244827989522,3.7747378339253777,2.3549979212118433,4.2852622633601465
2008-12-01,48.83316002311341,59.251098030973814,100.15826012250324,154.37732663323527,193.0605098255034,223.4276272842579,72.76567410152853,12.152244827989522,3.7747378339253777,2.3549979212118433,4.2852622633601465,12.266319043687648
2009-01-01,14.688270694725365,48.07638754072231,61.341861684058294,166.14664162573837,155.0637220276382,91.04934414143531,9.499442753076666,3.6578131844490183,2.3734635251479745,4.2852622633601465,12.266319043687648,49.45625512610305
2009-02-01,48.07638754072231,61.341861684058294,166.14664162573837,155.0637220276382,91.04934414143531,9.499442753076666,3.6578131844490183,2.3734635251479745,4.2852622633601465,12.266319043687648,49.45625512610305,66.67593263722448
2009-03-01,114.50498451215944,181.52599488274694,194.12881074570657,80.60153269006,11.015329653026868,3.7246272698640803,2.362911751470185,4.2852622633601465,12.266319043687648,49.45625512610305,66.67593263722448,126.53320730576571
2009-04-01,193.0605098255034,223.4276272842579,72.76567410152853,12.152244827989522,3.7747378339253777,2.3549979212118433,4.2852622633601465,12.266319043687648,49.45625512610305,66.67593263722448,126.53320730576571,186.71221069505893
2009-05-01,223.4276272842579,72.76567410152853,12.152244827989522,3.7747378339253777,2.3549979212118433,4.2852622633601465,12.266319043687648,49.45625512610305,66.67593263722448,126.53320730576571,186.71221069505893,207.01980486301625
2009-06-01,72.76567410152853,12.152244827989522,3.7747378339253777,2.3549979212118433,4.2852622633601465,12.266319043687648,49.45625512610305,66.67593263722448,126.53320730576571,186.71221069505893,207.01980486301625,241.71836180239077
2009-07-01,12.152244827989522,3.7747378339253777,2.3549979212118433,4.2852622633601465,12.266319043687648,49.45625512610305,66.67593263722448,126.53320730576571,186.71221069505893,207.01980486301625,241.71836180239077,69.50057344008145
2009-08-01,3.7747378339253777,2.3549979212118433,4.2852622633601465,12.266319043687648,49.45625512610305,66.67593263722448,126.53320730576571,186.71221069505893,207.01980486301625,241.71836180239077,69.50057344008145,15.203295410576917
2009-09-01,2.3549979212118433,4.2852622633601465,12.266319043687648,49.45625512610305,66.67593263722448,126.53320730576571,186.71221069505893,207.01980486301625,241.71836180239077,69.50057344008145,15.203295410576917,6.543612942679152
2009-10-01,4.2852622633601465,12.266319043687648,49.45625512610305,66.67593263722448,126.53320730576571,186.71221069505893,207.01980486301625,241.71836180239077,69.50057344008145,15.203295410576917,6.543612942679152,2.5472775663574003
2009-11-01,12.266319043687648,49.45625512610305,66.67593263722448,126.53320730576571,186.71221069505893,207.01980486301625,241.71836180239077,69.50057344008145,15.203295410576917,6.543612942679152,2.5472775663574003,4.312559416502054
2009-12-01,49.45625512610305,66.67593263722448,126.53320730576571,186.71221069505893,207.01980486301625,241.71836180239077,69.50057344008145,15.203295410576917,6.543612942679152,2.5472775663574003,4.312559416502054,9.679264206979447
2010-01-01,48.10002642285338,166.76364986540344,206.84883996226475,228.9634692945461,237.37202735923609,76.35639116492352,23.22917037471995,16.117751173841004,3.2387219283029816,4.312559416502054,9.679264206979447,51.43436339082013
2010-02-01,166.76364986540344,206.84883996226475,228.9634692945461,237.37202735923609,76.35639116492352,23.22917037471995,16.117751173841004,3.2387219283029816,4.312559416502054,9.679264206979447,51.43436339082013,75.53318104567293
2010-03-01,195.34219466671857,216.42423247652903,239.85564704103876,72.43878103644234,18.64295610949536,10.646815041748518,2.843610864334078,4.312559416502054,9.679264206979447,51.43436339082013,75.53318104567293,138.587371015031
2010-04-01,207.01980486301625,241.71836180239077,69.50057344008145,15.203295410576917,6.543612942679152,2.5472775663574003,4.312559416502054,9.679264206979447,51.43436339082013,75.53318104567293,138.587371015031,177.31974788489438
2010-05-01,241.71836180239077,69.50057344008145,15.203295410576917,6.543612942679152,2.5472775663574003,4.312559416502054,9.679264206979447,51.43436339082013,75.53318104567293,138.587371015031,177.31974788489438,196.3308996018364
2010-06-01,69.50057344008145,15.203295410576917,6.543612942679152,2.5472775663574003,4.312559416502054,9.679264206979447,51.43436339082013,75.53318104567293,138.587371015031,177.31974788489438,196.3308996018364,231.43931285945226
2010-07-01,15.203295410576917,6.543612942679152,2.5472775663574003,4.312559416502054,9.679264206979447,51.43436339082013,75.53318104567293,138.587371015031,177.31974788489438,196.3308996018364,231.43931285945226,162.3395487319331
2010-08-01,6.543612942679152,2.5472775663574003,4.312559416502054,9.679264206979447,51.43436339082013,75.53318104567293,138.587371015031,177.31974788489438,196.3308996018364,231.43931285945226,162.3395487319331,104.62467959303041
2010-09-01,2.5472775663574003,4.312559416502054,9.679264206979447,51.43436339082013,75.53318104567293,138.587371015031,177.31974788489438,196.3308996018364,231.43931285945226,162.3395487319331,104.62467959303041,15.24370938937288
2010-10-01,4.312559416502054,9.679264206979447,51.43436339082013,75.53318104567293,138.587371015031,177.31974788489438,196.3308996018364,231.43931285945226,162.3395487319331,104.62467959303041,15.24370938937288,3.4165240063893965
2010-11-01,9.679264206979447,51.43436339082013,75.53318104567293,138.587371015031,177.31974788489438,196.3308996018364,231.43931285945226,162.3395487319331,104.62467959303041,15.24370938937288,3.4165240063893965,4.339542526016772
2010-12-01,51.43436339082013,75.53318104567293,138.587371015031,177.31974788489438,196.3308996018364,231.43931285945226,162.3395487319331,104.62467959303041,15.24370938937288,3.4165240063893965,4.339542526016772,9.521290063921539
2011-01-01,87.95764426087143,221.00738655709725,164.5827573165242,180.8633956192367,191.11630711601276,494.1317799782559,425.6253991957607,55.26818518396278,7.150330908446963,4.339542526016772,9.521290063921539,47.36541804034315
2011-02-01,221.00738655709725,164.5827573165242,180.8633956192367,191.11630711601276,494.1317799782559,425.6253991957607,55.26818518396278,7.150330908446963,4.339542526016772,9.521290063921539,47.36541804034315,58.898494936471145
2011-03-01,171.86103764130718,189.70196932357936,214.15802468369247,304.53621926607144,242.19641656562908,32.39705615848283,5.016726964414068,4.339542526016772,9.521290063921539,47.36541804034315,58.898494936471145,121.31573900216068
2011-04-01,196.3308996018364,231.43931285945226,162.3395487319331,104.62467959303041,15.24370938937288,3.4165240063893965,4.339542526016772,9.521290063921539,47.36541804034315,58.898494936471145,121.31573900216068,159.1903160193551
2011-05-01,231.43931285945226,162.3395487319331,104.62467959303041,15.24370938937288,3.4165240063893965,4.339542526016772,9.521290063921539,47.36541804034315,58.898494936471145,121.31573900216068,159.1903160193551,175.61701017346104
2011-06-01,162.3395487319331,104.62467959303041,15.24370938937288,3.4165240063893965,4.339542526016772,9.521290063921539,47.36541804034315,58.898494936471145,121.31573900216068,159.1903160193551,175.61701017346104,262.5758199463134
2011-07-01,104.62467959303041,15.24370938937288,3.4165240063893965,4.339542526016772,9.521290063921539,47.36541804034315,58.898494936471145,121.31573900216068,159.1903160193551,175.61701017346104,262.5758199463134,64.71872136428136
2011-08-01,15.24370938937288,3.4165240063893965,4.339542526016772,9.521290063921539,47.36541804034315,58.898494936471145,121.31573900216068,159.1903160193551,175.61701017346104,262.5758199463134,64.71872136428136,11.551548149825074
2011-09-01,3.4165240063893965,4.339542526016772,9.521290063921539,47.36541804034315,58.898494936471145,121.31573900216068,159.1903160193551,175.61701017346104,262.5758199463134,64.71872136428136,11.551548149825074,3.891246562315424
2011-10-01,4.339542526016772,9.521290063921539,47.36541804034315,58.898494936471145,121.31573900216068,159.1903160193551,175.61701017346104,262.5758199463134,64.71872136428136,11.551548149825074,3.891246562315424,2.337571161176758
2011-11-01,9.521290063921539,47.36541804034315,58.898494936471145,121.31573900216068,159.1903160193551,175.61701017346104,262.5758199463134,64.71872136428136,11.551548149825074,3.891246562315424,2.337571161176758,4.8293717425861775
2011-12-01,47.36541804034315,58.898494936471145,121.31573900216068,159.1903160193551,175.61701017346104,262.5758199463134,64.71872136428136,11.551548149825074,3.891246562315424,2.337571161176758,4.8293717425861775,9.523433056064459
2012-01-01,13.101556769463372,143.2850424991808,83.0003139215975,87.65089319154767,331.230589006888,54.838056823823116,6.796307701336656,4.182102462204228,2.295043104990091,4.8293717425861775,9.523433056064459,51.58415784317677
2012-02-01,143.2850424991808,83.0003139215975,87.65089319154767,331.230589006888,54.838056823823116,6.796307701336656,4.182102462204228,2.295043104990091,4.8293717425861775,9.523433056064459,51.58415784317677,58.41222436802044
2012-03-01,126.53745797745898,137.917245752641,291.9992924008454,60.484150846942114,9.513587957615751,4.015899090839197,2.319344851382472,4.8293717425861775,9.523433056064459,51.58415784317677,58.41222436802044,94.48590986833089
2012-04-01,175.61701017346104,262.5758199463134,64.71872136428136,11.551548149825074,3.891246562315424,2.337571161176758,4.8293717425861775,9.523433056064459,51.58415784317677,58.41222436802044,94.48590986833089,151.52101750043698
2012-05-01,262.5758199463134,64.71872136428136,11.551548149825074,3.891246562315424,2.337571161176758,4.8293717425861775,9.523433056064459,51.58415784317677,58.41222436802044,94.48590986833089,151.52101750043698,165.8944449323958
2012-06-01,64.71872136428136,11.551548149825074,3.891246562315424,2.337571161176758,4.8293717425861775,9.523433056064459,51.58415784317677,58.41222436802044,94.48590986833089,151.52101750043698,165.8944449323958,196.69463317798903
2012-07-01,11.551548149825074,3.891246562315424,2.337571161176758,4.8293717425861775,9.523433056064459,51.58415784317677,58.41222436802044,94.48590986833089,151.52101750043698,165.8944449323958,196.69463317798903,55.43640911270563
2012-08-01,3.891246562315424,2.337571161176758,4.8293717425861775,9.523433056064459,51.58415784317677,58.41222436802044,94.48590986833089,151.52101750043698,165.8944449323958,196.69463317798903,55.43640911270563,11.061170645740603
2012-09-01,2.337571161176758,4.8293717425861775,9.523433056064459,51.58415784317677,58.41222436802044,94.48590986833089,151.52101750043698,165.8944449323958,196.69463317798903,55.43640911270563,11.061170645740603,3.696570042838884
2012-10-01,4.8293717425861775,9.523433056064459,51.58415784317677,58.41222436802044,94.48590986833089,151.52101750043698,165.8944449323958,196.69463317798903,55.43640911270563,11.061170645740603,3.696570042838884,2.2826188494812247
2012-11-01,9.523433056064459,51.58415784317677,58.41222436802044,94.48590986833089,151.52101750043698,165.8944449323958,196.69463317798903,55.43640911270563,11.061170645740603,3.696570042838884,2.2826188494812247,4.620437524106297
2012-12-01,51.58415784317677,58.41222436802044,94.48590986833089,151.52101750043698,165.8944449323958,196.69463317798903,55.43640911270563,11.061170645740603,3.696570042838884,2.2826188494812247,4.620437524106297,10.190476884120132
2013-01-01,10.913339211435183,22.55081139694677,48.48847058646592,43.89934960675417,34.76524854942833,13.067651691732316,4.589608932956536,3.306058124559798,2.047757702360191,4.620437524106297,10.190476884120132,102.34870966739251
2013-02-01,22.55081139694677,48.48847058646592,43.89934960675417,34.76524854942833,13.067651691732316,4.589608932956536,3.306058124559798,2.047757702360191,4.620437524106297,10.190476884120132,102.34870966739251,87.83801027845661
2013-03-01,107.36421168016366,113.61083264997797,127.29632548003444,37.27837021800278,8.287644197404575,3.5292077921478473,2.181964072143639,4.620437524106297,10.190476884120132,102.34870966739251,87.83801027845661,115.78191425242257
2013-04-01,165.8944449323958,196.69463317798903,55.43640911270563,11.061170645740603,3.696570042838884,2.2826188494812247,4.620437524106297,10.190476884120132,102.34870966739251,87.83801027845661,115.78191425242257,173.224994433564
2013-05-01,196.69463317798903,55.43640911270563,11.061170645740603,3.696570042838884,2.2826188494812247,4.620437524106297,10.190476884120132,102.34870966739251,87.83801027845661,115.78191425242257,173.224994433564,189.79418675976024
2013-06-01,55.43640911270563,11.061170645740603,3.696570042838884,2.2826188494812247,4.620437524106297,10.190476884120132,102.34870966739251,87.83801027845661,115.78191425242257,173.224994433564,189.79418675976024,253.2348108111355
2013-07-01,11.061170645740603,3.696570042838884,2.2826188494812247,4.620437524106297,10.190476884120132,102.34870966739251,87.83801027845661,115.78191425242257,173.224994433564,189.79418675976024,253.2348108111355,79.25759260319813
2013-08-01,3.696570042838884,2.2826188494812247,4.620437524106297,10.190476884120132,102.34870966739251,87.83801027845661,115.78191425242257,173.224994433564,189.79418675976024,253.2348108111355,79.25759260319813,30.50502049176127
2013-09-01,2.2826188494812247,4.620437524106297,10.190476884120132,102.34870966739251,87.83801027845661,115.78191425242257,173.224994433564,189.79418675976024,253.2348108111355,79.25759260319813,30.50502049176127,6.093101640702283
2013-10-01,4.620437524106297,10.190476884120132,102.34870966739251,87.83801027845661,115.78191425242257,173.224994433564,189.79418675976024,253.2348108111355,79.25759260319813,30.50502049176127,6.093101640702283,2.41450218018811
2013-11-01,10.190476884120132,102.34870966739251,87.83801027845661,115.78191425242257,173.224994433564,189.79418675976024,253.2348108111355,79.25759260319813,30.50502049176127,6.093101640702283,2.41450218018811,4.574727092172853
2013-12-01,102.34870966739251,87.83801027845661,115.78191425242257,173.224994433564,189.79418675976024,253.2348108111355,79.25759260319813,30.50502049176127,6.093101640702283,2.41450218018811,4.574727092172853,9.386165227679795
2014-01-01,143.3293758083979,118.38283112535925,146.15636678553756,151.4481878298941,289.1960478985873,120.26297739894858,92.08693324004953,14.090450314945095,2.6412326905411754,4.574727092172853,9.386165227679795,52.04378484373382
2014-02-01,118.38283112535925,146.15636678553756,151.4481878298941,289.1960478985873,120.26297739894858,92.08693324004953,14.090450314945095,2.6412326905411754,4.574727092172853,9.386165227679795,52.04378484373382,59.67591599459823
2014-03-01,161.62415401298125,173.360187218389,268.64676956290054,96.83132894423403,56.89726881245624,9.520536786806344,2.511672398910852,4.574727092172853,9.386165227679795,52.04378484373382,59.67591599459823,104.9976218851897
2014-04-01,189.79418675976024,253.2348108111355,79.25759260319813,30.50502049176127,6.093101640702283,2.41450218018811,4.574727092172853,9.386165227679795,52.04378484373382,59.67591599459823,104.9976218851897,156.53334034143822
2014-05-01,253.2348108111355,79.25759260319813,30.50502049176127,6.093101640702283,2.41450218018811,4.574727092172853,9.386165227679795,52.04378484373382,59.67591599459823,104.9976218851897,156.53334034143822,174.87374645383758
2014-06-01,79.25759260319813,30.50502049176127,6.093101640702283,2.41450218018811,4.574727092172853,9.386165227679795,52.04378484373382,59.67591599459823,104.9976218851897,156.53334034143822,174.87374645383758,206.21308493313356
2014-07-01,30.50502049176127,6.093101640702283,2.41450218018811,4.574727092172853,9.386165227679795,52.04378484373382,59.67591599459823,104.9976218851897,156.53334034143822,174.87374645383758,206.21308493313356,56.036928800694895
2014-08-01,6.093101640702283,2.41450218018811,4.574727092172853,9.386165227679795,52.04378484373382,59.67591599459823,104.9976218851897,156.53334034143822,174.87374645383758,206.21308493313356,56.036928800694895,11.148443386007864
2014-09-01,2.41450218018811,4.574727092172853,9.386165227679795,52.04378484373382,59.67591599459823,104.9976218851897,156.53334034143822,174.87374645383758,206.21308493313356,56.036928800694895,11.148443386007864,3.762663318426185
2014-10-01,4.574727092172853,9.386165227679795,52.04378484373382,59.67591599459823,104.9976218851897,156.53334034143822,174.87374645383758,206.21308493313356,56.036928800694895,11.148443386007864,3.762663318426185,2.561533208345126
2014-11-01,9.386165227679795,52.04378484373382,59.67591599459823,104.9976218851897,156.53334034143822,174.87374645383758,206.21308493313356,56.036928800694895,11.148443386007864,3.762663318426185,2.561533208345126,8.247380775361759
2014-12-01,52.04378484373382,59.67591599459823,104.9976218851897,156.53334034143822,174.87374645383758,206.21308493313356,56.036928800694895,11.148443386007864,3.762663318426185,2.561533208345126,8.247380775361759,14.7750278548766
2015-01-01,16.599951531035224,69.85351547281137,71.0439233709715,84.30620645324208,77.59828144757864,15.769990287683981,4.982336264159208,3.6034778647026506,3.302872317247745,8.247380775361759,14.7750278548766,59.40370835944273
2015-02-01,69.85351547281137,71.0439233709715,84.30620645324208,77.59828144757864,15.769990287683981,4.982336264159208,3.6034778647026506,3.302872317247745,8.247380775361759,14.7750278548766,59.40370835944273,69.2530362295783
2015-03-01,119.89501878266677,136.05908645358235,151.09245486789573,38.779669437975926,8.505826048072725,3.6944409811160988,2.879249969303391,8.247380775361759,14.7750278548766,59.40370835944273,69.2530362295783,131.94779192051845
2015-04-01,174.87374645383758,206.21308493313356,56.036928800694895,11.148443386007864,3.762663318426185,2.561533208345126,8.247380775361759,14.7750278548766,59.40370835944273,69.2530362295783,131.94779192051845,191.40876214878818
2015-05-01,206.21308493313356,56.036928800694895,11.148443386007864,3.762663318426185,2.561533208345126,8.247380775361759,14.7750278548766,59.40370835944273,69.2530362295783,131.94779192051845,191.40876214878818,194.72553552491033
2015-06-01,56.036928800694895,11.148443386007864,3.762663318426185,2.561533208345126,8.247380775361759,14.7750278548766,59.40370835944273,69.2530362295783,131.94779192051845,191.40876214878818,194.72553552491033,318.7792290508703
2015-07-01,11.148443386007864,3.762663318426185,2.561533208345126,8.247380775361759,14.7750278548766,59.40370835944273,69.2530362295783,131.94779192051845,191.40876214878818,194.72553552491033,318.7792290508703,119.0198936681209
2015-08-01,3.762663318426185,2.561533208345126,8.247380775361759,14.7750278548766,59.40370835944273,69.2530362295783,131.94779192051845,191.40876214878818,194.72553552491033,318.7792290508703,119.0198936681209,24.407558955564173
2015-09-01,2.561533208345126,8.247380775361759,14.7750278548766,59.40370835944273,69.2530362295783,131.94779192051845,191.40876214878818,194.72553552491033,318.7792290508703,119.0198936681209,24.407558955564173,5.109012600763328
2015-10-01,8.247380775361759,14.7750278548766,59.40370835944273,69.2530362295783,131.94779192051845,191.40876214878818,194.72553552491033,318.7792290508703,119.0198936681209,24.407558955564173,5.109012600763328,2.354970114857805
2015-11-01,14.7750278548766,59.40370835944273,69.2530362295783,131.94779192051845,191.40876214878818,194.72553552491033,318.7792290508703,119.0198936681209,24.407558955564173,5.109012600763328,2.354970114857805,4.340658271658593
2015-12-01,59.40370835944273,69.2530362295783,131.94779192051845,191.40876214878818,194.72553552491033,318.7792290508703,119.0198936681209,24.407558955564173,5.109012600763328,2.354970114857805,4.340658271658593,10.062833680684186
2016-01-01,59.69699258844559,191.12928063179075,227.98332150404642,173.6392572730695,584.1459299773941,299.19333219110104,64.6483563271626,9.662049635219795,2.373338396554801,4.340658271658593,10.062833680684186,47.67992877455398
2016-02-01,191.12928063179075,227.98332150404642,173.6392572730695,584.1459299773941,299.19333219110104,64.6483563271626,9.662049635219795,2.373338396554801,4.340658271658593,10.062833680684186,47.67992877455398,62.771545925583524
2016-03-01,207.08357330104172,185.68855913126424,432.50781516223765,196.23708160654093,41.6536149719635,7.060314186958957,2.362842235585089,4.340658271658593,10.062833680684186,47.67992877455398,62.771545925583524,98.58513507541099
2016-04-01,194.72553552491033,318.7792290508703,119.0198936681209,24.407558955564173,5.109012600763328,2.354970114857805,4.340658271658593,10.062833680684186,47.67992877455398,62.771545925583524,98.58513507541099,150.60622429111308
2016-05-01,318.7792290508703,119.0198936681209,24.407558955564173,5.109012600763328,2.354970114857805,4.340658271658593,10.062833680684186,47.67992877455398,62.771545925583524,98.58513507541099,150.60622429111308,170.0821575289661
2016-06-01,119.0198936681209,24.407558955564173,5.109012600763328,2.354970114857805,4.340658271658593,10.062833680684186,47.67992877455398,62.771545925583524,98.58513507541099,150.60622429111308,170.0821575289661,219.5540421282311
2016-07-01,24.407558955564173,5.109012600763328,2.354970114857805,4.340658271658593,10.062833680684186,47.67992877455398,62.771545925583524,98.58513507541099,150.60622429111308,170.0821575289661,219.5540421282311,67.5489026354663
2016-08-01,5.109012600763328,2.354970114857805,4.340658271658593,10.062833680684186,47.67992877455398,62.771545925583524,98.58513507541099,150.60622429111308,170.0821575289661,219.5540421282311,67.5489026354663,12.972883304265444
2016-09-01,2.354970114857805,4.340658271658593,10.062833680684186,47.67992877455398,62.771545925583524,98.58513507541099,150.60622429111308,170.0821575289661,219.5540421282311,67.5489026354663,12.972883304265444,3.771510032066651
2016-10-01,4.340658271658593,10.062833680684186,47.67992877455398,62.771545925583524,98.58513507541099,150.60622429111308,170.0821575289661,219.5540421282311,67.5489026354663,12.972883304265444,3.771510032066651,2.385330237053307
2016-11-01,10.062833680684186,47.67992877455398,62.771545925583524,98.58513507541099,150.60622429111308,170.0821575289661,219.5540421282311,67.5489026354663,12.972883304265444,3.771510032066651,2.385330237053307,4.464315953837587
2016-12-01,47.67992877455398,62.771545925583524,98.58513507541099,150.60622429111308,170.0821575289661,219.5540421282311,67.5489026354663,12.972883304265444,3.771510032066651,2.385330237053307,4.464315953837587,10.269729971553117
2017-01-01,30.53028622046908,40.9973248288072,44.371901144508385,62.744056291320405,137.6325888255175,67.57387254415531,13.192315896318323,3.643288076084748,2.5099589464345615,4.464315953837587,10.269729971553117,76.86075596032572
2017-02-01,40.9973248288072,44.371901144508385,62.744056291320405,137.6325888255175,67.57387254415531,13.192315896318323,3.643288076084748,2.5099589464345615,4.464315953837587,10.269729971553117,76.86075596032572,107.99908305769786
2017-03-01,105.07722865685393,124.08011414140364,184.44484785563952,67.55960402490444,13.066925843716678,3.7165577652172637,2.4387425410738444,4.464315953837587,10.269729971553117,76.86075596032572,107.99908305769786,181.767801770846
2017-04-01,170.0821575289661,219.5540421282311,67.5489026354663,12.972883304265444,3.771510032066651,2.385330237053307,4.464315953837587,10.269729971553117,76.86075596032572,107.99908305769786,181.767801770846,189.53182548185106
2017-05-01,219.5540421282311,67.5489026354663,12.972883304265444,3.771510032066651,2.385330237053307,4.464315953837587,10.269729971553117,76.86075596032572,107.99908305769786,181.767801770846,189.53182548185106,193.66902069658926
2017-06-01,67.5489026354663,12.972883304265444,3.771510032066651,2.385330237053307,4.464315953837587,10.269729971553117,76.86075596032572,107.99908305769786,181.767801770846,189.53182548185106,193.66902069658926,269.4598237373574
2017-07-01,12.972883304265444,3.771510032066651,2.385330237053307,4.464315953837587,10.269729971553117,76.86075596032572,107.99908305769786,181.767801770846,189.53182548185106,193.66902069658926,269.4598237373574,217.67997651158396
2017-08-01,3.771510032066651,2.385330237053307,4.464315953837587,10.269729971553117,76.86075596032572,107.99908305769786,181.767801770846,189.53182548185106,193.66902069658926,269.4598237373574,217.67997651158396,60.067278116425555
2017-09-01,2.385330237053307,4.464315953837587,10.269729971553117,76.86075596032572,107.99908305769786,181.767801770846,189.53182548185106,193.66902069658926,269.4598237373574,217.67997651158396,60.067278116425555,11.320393998471127
2017-10-01,4.464315953837587,10.269729971553117,76.86075596032572,107.99908305769786,181.767801770846,189.53182548185106,193.66902069658926,269.4598237373574,217.67997651158396,60.067278116425555,11.320393998471127,3.2206757717192342
2017-11-01,10.269729971553117,76.86075596032572,107.99908305769786,181.767801770846,189.53182548185106,193.66902069658926,269.4598237373574,217.67997651158396,60.067278116425555,11.320393998471127,3.2206757717192342,5.859704632281401
2017-12-01,76.86075596032572,107.99908305769786,181.767801770846,189.53182548185106,193.66902069658926,269.4598237373574,217.67997651158396,60.067278116425555,11.320393998471127,3.2206757717192342,5.859704632281401,10.279089517174407
2018-01-01,234.0542033149836,415.31932495826476,219.53710650282932,168.88494054562472,362.2086060665859,743.1637049866847,225.11709255103878,37.613265924904894,6.269013852431233,5.859704632281401,10.279089517174407,48.29980604117431
2018-02-01,415.31932495826476,219.53710650282932,168.88494054562472,362.2086060665859,743.1637049866847,225.11709255103878,37.613265924904894,6.269013852431233,5.859704632281401,10.279089517174407,48.29980604117431,66.2216028010032
2018-03-01,202.39123163369888,183.04727206046158,309.20930187845534,442.88728871519857,130.80291287411694,22.588767681228454,4.527106377738662,5.859704632281401,10.279089517174407,48.29980604117431,66.2216028010032,107.8877625869136
2018-04-01,193.66902069658926,269.4598237373574,217.67997651158396,60.067278116425555,11.320393998471127,3.2206757717192342,5.859704632281401,10.279089517174407,48.29980604117431,66.2216028010032,107.8877625869136,189.71197366490202
2018-05-01,269.4598237373574,217.67997651158396,60.067278116425555,11.320393998471127,3.2206757717192342,5.859704632281401,10.279089517174407,48.29980604117431,66.2216028010032,107.8877625869136,189.71197366490202,205.24122192618617
2018-06-01,217.67997651158396,60.067278116425555,11.320393998471127,3.2206757717192342,5.859704632281401,10.279089517174407,48.29980604117431,66.2216028010032,107.8877625869136,189.71197366490202,205.24122192618617,233.83465559913148
2018-07-01,60.067278116425555,11.320393998471127,3.2206757717192342,5.859704632281401,10.279089517174407,48.29980604117431,66.2216028010032,107.8877625869136,189.71197366490202,205.24122192618617,233.83465559913148,97.87716497346656
2018-08-01,11.320393998471127,3.2206757717192342,5.859704632281401,10.279089517174407,48.29980604117431,66.2216028010032,107.8877625869136,189.71197366490202,205.24122192618617,233.83465559913148,97.87716497346656,17.287363737890487
2018-09-01,3.2206757717192342,5.859704632281401,10.279089517174407,48.29980604117431,66.2216028010032,107.8877625869136,189.71197366490202,205.24122192618617,233.83465559913148,97.87716497346656,17.287363737890487,4.225450268464412
2018-10-01,5.859704632281401,10.279089517174407,48.29980604117431,66.2216028010032,107.8877625869136,189.71197366490202,205.24122192618617,233.83465559913148,97.87716497346656,17.287363737890487,4.225450268464412,2.3085162723644355
2018-11-01,10.279089517174407,48.29980604117431,66.2216028010032,107.8877625869136,189.71197366490202,205.24122192618617,233.83465559913148,97.87716497346656,17.287363737890487,4.225450268464412,2.3085162723644355,5.121120310357481
2018-12-01,48.29980604117431,66.2216028010032,107.8877625869136,189.71197366490202,205.24122192618617,233.83465559913148,97.87716497346656,17.287363737890487,4.225450268464412,2.3085162723644355,5.121120310357481,10.476583308494105
2019-01-01,46.05554215985765,82.85914863056887,220.34777332655867,220.9598460788108,201.89534944456932,204.0510530651565,32.60747784763102,5.686019139874676,2.16429610533464,5.121120310357481,10.476583308494105,49.97259467663815
2019-02-01,82.85914863056887,220.34777332655867,220.9598460788108,201.89534944456932,204.0510530651565,32.60747784763102,5.686019139874676,2.16429610533464,5.121120310357481,10.476583308494105,49.97259467663815,58.62198272318934
2019-03-01,202.8416020913263,211.97777513445385,220.14638153289053,143.3802598699051,23.853126927779286,4.851408356211667,2.2467076293516657,5.121120310357481,10.476583308494105,49.97259467663815,58.62198272318934,95.56727367536713
2019-04-01,205.24122192618617,233.83465559913148,97.87716497346656,17.287363737890487,4.225450268464412,2.3085162723644355,5.121120310357481,10.476583308494105,49.97259467663815,58.62198272318934,95.56727367536713,157.04983155074493
2019-05-01,233.83465559913148,97.87716497346656,17.287363737890487,4.225450268464412,2.3085162723644355,5.121120310357481,10.476583308494105,49.97259467663815,58.62198272318934,95.56727367536713,157.04983155074493,187.33339922208614
2019-06-01,97.87716497346656,17.287363737890487,4.225450268464412,2.3085162723644355,5.121120310357481,10.476583308494105,49.97259467663815,58.62198272318934,95.56727367536713,157.04983155074493,187.33339922208614,238.09457311199228
2019-07-01,17.287363737890487,4.225450268464412,2.3085162723644355,5.121120310357481,10.476583308494105,49.97259467663815,58.62198272318934,95.56727367536713,157.04983155074493,187.33339922208614,238.09457311199228,74.01293302252232
2019-08-01,4.225450268464412,2.3085162723644355,5.121120310357481,10.476583308494105,49.97259467663815,58.62198272318934,95.56727367536713,157.04983155074493,187.33339922208614,238.09457311199228,74.01293302252232,14.7798337447325
2019-09-01,2.3085162723644355,5.121120310357481,10.476583308494105,49.97259467663815,58.62198272318934,95.56727367536713,157.04983155074493,187.33339922208614,238.09457311199228,74.01293302252232,14.7798337447325,3.813037375936297
2019-10-01,5.121120310357481,10.476583308494105,49.97259467663815,58.62198272318934,95.56727367536713,157.04983155074493,187.33339922208614,238.09457311199228,74.01293302252232,14.7798337447325,3.813037375936297,2.4154577533739334
2019-11-01,10.476583308494105,49.97259467663815,58.62198272318934,95.56727367536713,157.04983155074493,187.33339922208614,238.09457311199228,74.01293302252232,14.7798337447325,3.813037375936297,2.4154577533739334,5.972354768679481
2019-12-01,49.97259467663815,58.62198272318934,95.56727367536713,157.04983155074493,187.33339922208614,238.09457311199228,74.01293302252232,14.7798337447325,3.813037375936297,2.4154577533739334,5.972354768679481,15.725025311501195
2020-01-01,11.857251809695251,27.416948528609815,73.36813381285168,140.37464391036062,221.0649782524429,96.66200928590737,21.323592878420065,3.830161123498157,2.6455327698773807,5.972354768679481,15.725025311501195,53.26749257635362
2020-02-01,27.416948528609815,73.36813381285168,140.37464391036062,221.0649782524429,96.66200928590737,21.323592878420065,3.830161123498157,2.6455327698773807,5.972354768679481,15.725025311501195,53.26749257635362,75.65993816537295
2020-03-01,121.18624680593354,167.20821837420377,230.79617531504255,83.71967999254449,17.58430194488431,3.8203761248913795,2.5140613318754106,5.972354768679481,15.725025311501195,53.26749257635362,75.65993816537295,113.2717797883464
2020-04-01,187.33339922208614,238.09457311199228,74.01293302252232,14.7798337447325,3.813037375936297,2.4154577533739334,5.972354768679481,15.725025311501195,53.26749257635362,75.65993816537295,113.2717797883464,172.34416313657715
2020-05-01,238.09457311199228,74.01293302252232,14.7798337447325,3.813037375936297,2.4154577533739334,5.972354768679481,15.725025311501195,53.26749257635362,75.65993816537295,113.2717797883464,172.34416313657715,194.05503853729775
2020-06-01,74.01293302252232,14.7798337447325,3.813037375936297,2.4154577533739334,5.972354768679481,15.725025311501195,53.26749257635362,75.65993816537295,113.2717797883464,172.34416313657715,194.05503853729775,227.87124530704662
2020-07-01,14.7798337447325,3.813037375936297,2.4154577533739334,5.972354768679481,15.725025311501195,53.26749257635362,75.65993816537295,113.2717797883464,172.34416313657715,194.05503853729775,227.87124530704662,62.20442559916413
2020-08-01,3.813037375936297,2.4154577533739334,5.972354768679481,15.725025311501195,53.26749257635362,75.65993816537295,113.2717797883464,172.34416313657715,194.05503853729775,227.87124530704662,62.20442559916413,13.136185766399535
2020-09-01,2.4154577533739334,5.972354768679481,15.725025311501195,53.26749257635362,75.65993816537295,113.2717797883464,172.34416313657715,194.05503853729775,227.87124530704662,62.20442559916413,13.136185766399535,3.930593327187407
2020-10-01,5.972354768679481,15.725025311501195,53.26749257635362,75.65993816537295,113.2717797883464,172.34416313657715,194.05503853729775,227.87124530704662,62.20442559916413,13.136185766399535,3.930593327187407,2.402878154841724
2020-11-01,15.725025311501195,53.26749257635362,75.65993816537295,113.2717797883464,172.34416313657715,194.05503853729775,227.87124530704662,62.20442559916413,13.136185766399535,3.930593327187407,2.402878154841724,6.597556820217631
2020-12-01,53.26749257635362,75.65993816537295,113.2717797883464,172.34416313657715,194.05503853729775,227.87124530704662,62.20442559916413,13.136185766399535,3.930593327187407,2.402878154841724,6.597556820217631,9.949448012270961
2021-01-01,88.52805129952151,107.0872260370165,142.1926259490967,170.62202082881282,175.0600031301874,43.52372588079556,13.927176975921729,4.3591629041281506,2.5889245764824382,6.597556820217631,9.949448012270961,83.79862819108581
2021-02-01,107.0872260370165,142.1926259490967,170.62202082881282,175.0600031301874,43.52372588079556,13.927176975921729,4.3591629041281506,2.5889245764824382,6.597556820217631,9.949448012270961,83.79862819108581,68.45814586625465
2021-03-01,159.4220757705141,184.01231666223276,205.23785580267838,54.19841143414902,13.475181999051904,4.114266003019154,2.482612335544887,6.597556820217631,9.949448012270961,83.79862819108581,68.45814586625465,99.06621124782647
2021-04-01,194.05503853729775,227.87124530704662,62.20442559916413,13.136185766399535,3.930593327187407,2.402878154841724,6.597556820217631,9.949448012270961,83.79862819108581,68.45814586625465,99.06621124782647,171.7326485448088
2021-05-01,227.87124530704662,62.20442559916413,13.136185766399535,3.930593327187407,2.402878154841724,6.597556820217631,9.949448012270961,83.79862819108581,68.45814586625465,99.06621124782647,171.7326485448088,185.58502933064113
2021-06-01,62.20442559916413,13.136185766399535,3.930593327187407,2.402878154841724,6.597556820217631,9.949448012270961,83.79862819108581,68.45814586625465,99.06621124782647,171.7326485448088,185.58502933064113,241.63628061473125
2021-07-01,13.136185766399535,3.930593327187407,2.402878154841724,6.597556820217631,9.949448012270961,83.79862819108581,68.45814586625465,99.06621124782647,171.7326485448088,185.58502933064113,241.63628061473125,78.47185998181317
2021-08-01,3.930593327187407,2.402878154841724,6.597556820217631,9.949448012270961,83.79862819108581,68.45814586625465,99.06621124782647,171.7326485448088,185.58502933064113,241.63628061473125,78.47185998181317,13.20155797134726
2021-09-01,2.402878154841724,6.597556820217631,9.949448012270961,83.79862819108581,68.45814586625465,99.06621124782647,171.7326485448088,185.58502933064113,241.63628061473125,78.47185998181317,13.20155797134726,3.78596141223914
2021-10-01,6.597556820217631,9.949448012270961,83.79862819108581,68.45814586625465,99.06621124782647,171.7326485448088,185.58502933064113,241.63628061473125,78.47185998181317,13.20155797134726,3.78596141223914,2.29065307742828
2021-11-01,9.949448012270961,83.79862819108581,68.45814586625465,99.06621124782647,171.7326485448088,185.58502933064113,241.63628061473125,78.47185998181317,13.20155797134726,3.78596141223914,2.29065307742828,4.069674147676012
2021-12-01,83.79862819108581,68.45814586625465,99.06621124782647,171.7326485448088,185.58502933064113,241.63628061473125,78.47185998181317,13.20155797134726,3.78596141223914,2.29065307742828,4.069674147676012,21.1751946401916
2022-01-01,56.119985953489184,43.162167604676846,139.44081028613905,132.5069793988581,237.00266201476828,116.72718060271617,14.221351898186487,3.7083192868609514,2.0839117281219397,4.069674147676012,21.1751946401916,56.90154468772562
2022-02-01,43.162167604676846,139.44081028613905,132.5069793988581,237.00266201476828,116.72718060271617,14.221351898186487,3.7083192868609514,2.0839117281219397,4.069674147676012,21.1751946401916,56.90154468772562,86.21981747099537
2022-03-01,157.8932892910932,162.83729364559127,239.65044407188998,94.86699739077159,13.638612511421215,3.7526862156484877,2.2020496420112767,4.069674147676012,21.1751946401916,56.90154468772562,86.21981747099537,112.45748506137853
2022-04-01,185.58502933064113,241.63628061473125,78.47185998181317,13.20155797134726,3.78596141223914,2.29065307742828,4.069674147676012,21.1751946401916,56.90154468772562,86.21981747099537,112.45748506137853,167.1762042077461
2022-05-01,241.63628061473125,78.47185998181317,13.20155797134726,3.78596141223914,2.29065307742828,4.069674147676012,21.1751946401916,56.90154468772562,86.21981747099537,112.45748506137853,167.1762042077461,201.9454167608254
2022-06-01,78.47185998181317,13.20155797134726,3.78596141223914,2.29065307742828,4.069674147676012,21.1751946401916,56.90154468772562,86.21981747099537,112.45748506137853,167.1762042077461,201.9454167608254,258.18740907205415
2022-07-01,13.20155797134726,3.78596141223914,2.29065307742828,4.069674147676012,21.1751946401916,56.90154468772562,86.21981747099537,112.45748506137853,167.1762042077461,201.9454167608254,258.18740907205415,86.16102663197239
2022-08-01,3.78596141223914,2.29065307742828,4.069674147676012,21.1751946401916,56.90154468772562,86.21981747099537,112.45748506137853,167.1762042077461,201.9454167608254,258.18740907205415,86.16102663197239,22.15540955195843
2022-09-01,2.29065307742828,4.069674147676012,21.1751946401916,56.90154468772562,86.21981747099537,112.45748506137853,167.1762042077461,201.9454167608254,258.18740907205415,86.16102663197239,22.15540955195843,5.3401878976402335
2022-10-01,4.069674147676012,21.1751946401916,56.90154468772562,86.21981747099537,112.45748506137853,167.1762042077461,201.9454167608254,258.18740907205415,86.16102663197239,22.15540955195843,5.3401878976402335,2.3474108611882865
2022-11-01,21.1751946401916,56.90154468772562,86.21981747099537,112.45748506137853,167.1762042077461,201.9454167608254,258.18740907205415,86.16102663197239,22.15540955195843,5.3401878976402335,2.3474108611882865,4.112626749895532
2022-12-01,56.90154468772562,86.21981747099537,112.45748506137853,167.1762042077461,201.9454167608254,258.18740907205415,86.16102663197239,22.15540955195843,5.3401878976402335,2.3474108611882865,4.112626749895532,18.83235785808551
2023-01-01,136.04750817482238,103.42289976566113,118.93681076935707,206.12872283468732,311.4827400727214,151.32843052843273,54.513684010936764,10.70233847116587,2.3393217550419694,4.112626749895532,18.83235785808551,63.15616653908542
2023-02-01,103.42289976566113,118.93681076935707,206.12872283468732,311.4827400727214,151.32843052843273,54.513684010936764,10.70233847116587,2.3393217550419694,4.112626749895532,18.83235785808551,63.15616653908542,73.7507779378376
2023-03-01,146.50217844843652,203.7382622210519,281.0282652151973,114.08991401616967,36.023241462949144,7.638252429151221,2.343944101411293,4.112626749895532,18.83235785808551,63.15616653908542,73.7507779378376,112.16242398854003
2023-04-01,201.9454167608254,258.18740907205415,86.16102663197239,22.15540955195843,5.3401878976402335,2.3474108611882865,4.112626749895532,18.83235785808551,63.15616653908542,73.7507779378376,112.16242398854003,168.92395881022802
2023-05-01,258.18740907205415,86.16102663197239,22.15540955195843,5.3401878976402335,2.3474108611882865,4.112626749895532,18.83235785808551,63.15616653908542,73.7507779378376,112.16242398854003,168.92395881022802,201.4268176390118
2023-06-01,86.16102663197239,22.15540955195843,5.3401878976402335,2.3474108611882865,4.112626749895532,18.83235785808551,63.15616653908542,73.7507779378376,112.16242398854003,168.92395881022802,201.4268176390118,263.6654996820696
2023-07-01,22.15540955195843,5.3401878976402335,2.3474108611882865,4.112626749895532,18.83235785808551,63.15616653908542,73.7507779378376,112.16242398854003,168.92395881022802,201.4268176390118,263.6654996820696,99.17668442089922
2023-08-01,5.3401878976402335,2.3474108611882865,4.112626749895532,18.83235785808551,63.15616653908542,73.7507779378376,112.16242398854003,168.92395881022802,201.4268176390118,263.6654996820696,99.17668442089922,22.760557036633468
2023-09-01,2.3474108611882865,4.112626749895532,18.83235785808551,63.15616653908542,73.7507779378376,112.16242398854003,168.92395881022802,201.4268176390118,263.6654996820696,99.17668442089922,22.760557036633468,4.311901491273828
2023-10-01,4.112626749895532,18.83235785808551,63.15616653908542,73.7507779378376,112.16242398854003,168.92395881022802,201.4268176390118,263.6654996820696,99.17668442089922,22.760557036633468,4.311901491273828,2.3128161542552665
2023-11-01,18.83235785808551,63.15616653908542,73.7507779378376,112.16242398854003,168.92395881022802,201.4268176390118,263.6654996820696,99.17668442089922,22.760557036633468,4.311901491273828,2.3128161542552665,4.055452859174908
2023-12-01,63.15616653908542,73.7507779378376,112.16242398854003,168.92395881022802,201.4268176390118,263.6654996820696,99.17668442089922,22.760557036633468,4.311901491273828,2.3128161542552665,4.055452859174908,9.337652956723455
2024-01-01,79.93683027561238,102.09512493788783,126.80170648052564,203.79502678652614,336.1341478177907,209.89889057860347,57.23684769197443,6.075049642517047,2.183645573843379,4.055452859174908,9.337652956723455,48.964492696680395
2024-02-01,102.09512493788783,126.80170648052564,203.79502678652614,336.1341478177907,209.89889057860347,57.23684769197443,6.075049642517047,2.183645573843379,4.055452859174908,9.337652956723455,48.964492696680395,104.27053001089129
2024-03-01,150.8715649546413,202.4417644165179,294.7234917402358,146.62905848848675,37.53611017463673,5.0675364132352065,2.257457334078743,4.055452859174908,9.337652956723455,48.964492696680395,104.27053001089129,98.04667094517188
2024-04-01,201.4268176390118,263.6654996820696,99.17668442089922,22.760557036633468,4.311901491273828,2.3128161542552665,4.055452859174908,9.337652956723455,48.964492696680395,104.27053001089129,98.04667094517188,175.1016614692367
2024-05-01,263.6654996820696,99.17668442089922,22.760557036633468,4.311901491273828,2.3128161542552665,4.055452859174908,9.337652956723455,48.964492696680395,104.27053001089129,98.04667094517188,175.1016614692367,202.09702908706947
2024-06-01,99.17668442089922,22.760557036633468,4.311901491273828,2.3128161542552665,4.055452859174908,9.337652956723455,48.964492696680395,104.27053001089129,98.04667094517188,175.1016614692367,202.09702908706947,238.57511471296692
2024-07-01,22.760557036633468,4.311901491273828,2.3128161542552665,4.055452859174908,9.337652956723455,48.964492696680395,104.27053001089129,98.04667094517188,175.1016614692367,202.09702908706947,238.57511471296692,96.72633633570015
2024-08-01,4.311901491273828,2.3128161542552665,4.055452859174908,9.337652956723455,48.964492696680395,104.27053001089129,98.04667094517188,175.1016614692367,202.09702908706947,238.57511471296692,96.72633633570015,14.583054329400916
2024-09-01,2.3128161542552665,4.055452859174908,9.337652956723455,48.964492696680395,104.27053001089129,98.04667094517188,175.1016614692367,202.09702908706947,238.57511471296692,96.72633633570015,14.583054329400916,4.087458240888874
2024-10-01,4.055452859174908,9.337652956723455,48.964492696680395,104.27053001089129,98.04667094517188,175.1016614692367,202.09702908706947,238.57511471296692,96.72633633570015,14.583054329400916,4.087458240888874,2.3457651290782975
2024-11-01,9.337652956723455,48.964492696680395,104.27053001089129,98.04667094517188,175.1016614692367,202.09702908706947,238.57511471296692,96.72633633570015,14.583054329400916,4.087458240888874,2.3457651290782975,4.048988482588892
2024-12-01,48.964492696680395,104.27053001089129,98.04667094517188,175.1016614692367,202.09702908706947,238.57511471296692,96.72633633570015,14.583054329400916,4.087458240888874,2.3457651290782975,4.048988482588892,16.077912121244587
2025-01-01,217.27571460435405,38.57423624273117,154.60136844606458,206.81097830278563,223.2274154568288,198.87232419520765,20.43808550942795,5.065055015784752,2.3319159605470174,4.048988482588892,16.077912121244587,82.9125508689751
2025-02-01,38.57423624273117,154.60136844606458,206.81097830278563,223.2274154568288,198.87232419520765,20.43808550942795,5.065055015784752,2.3319159605470174,4.048988482588892,16.077912121244587,82.9125508689751,84.94241307650975
2025-03-01,166.31582160216294,204.1172930366621,231.99752931747912,140.5031882754891,17.092353406555358,4.506428287272821,2.33982977113632,4.048988482588892,16.077912121244587,82.9125508689751,84.94241307650975,133.5846934219827
2025-04-01,202.09702908706947,238.57511471296692,96.72633633570015,14.583054329400916,4.087458240888874,2.3457651290782975,4.048988482588892,16.077912121244587,82.9125508689751,84.94241307650975,133.5846934219827,208.9807488898383
2025-05-01,238.57511471296692,96.72633633570015,14.583054329400916,4.087458240888874,2.3457651290782975,4.048988482588892,16.077912121244587,82.9125508689751,84.94241307650975,133.5846934219827,208.9807488898383,192.61837354512903
2025-06-01,96.72633633570015,14.583054329400916,4.087458240888874,2.3457651290782975,4.048988482588892,16.077912121244587,82.9125508689751,84.94241307650975,133.5846934219827,208.9807488898383,192.61837354512903,282.14153596912
2025-07-01,14.583054329400916,4.087458240888874,2.3457651290782975,4.048988482588892,16.077912121244587,82.9125508689751,84.94241307650975,133.5846934219827,208.9807488898383,192.61837354512903,282.14153596912,148.0901238703005
2025-08-01,4.087458240888874,2.3457651290782975,4.048988482588892,16.077912121244587,82.9125508689751,84.94241307650975,133.5846934219827,208.9807488898383,192.61837354512903,282.14153596912,148.0901238703005,49.90354507496697
2025-09-01,2.3457651290782975,4.048988482588892,16.077912121244587,82.9125508689751,84.94241307650975,133.5846934219827,208.9807488898383,192.61837354512903,282.14153596912,148.0901238703005,49.90354507496697,9.888359575854631
2025-10-01,4.048988482588892,16.077912121244587,82.9125508689751,84.94241307650975,133.5846934219827,208.9807488898383,192.61837354512903,282.14153596912,148.0901238703005,49.90354507496697,9.888359575854631,3.217608716379654
2025-11-01,16.077912121244587,82.9125508689751,84.94241307650975,133.5846934219827,208.9807488898383,192.61837354512903,282.14153596912,148.0901238703005,49.90354507496697,9.888359575854631,3.217608716379654,4.193086884914889
2025-12-01,82.9125508689751,84.94241307650975,133.5846934219827,208.9807488898383,192.61837354512903,282.14153596912,148.0901238703005,49.90354507496697,9.888359575854631,3.217608716379654,4.193086884914889,12.215322678956241
2026-01-01,130.2991883996371,198.4953373883799,307.05726183877204,164.15702836405364,419.27631110951774,430.0093681009092,179.38029386447516,31.169111023130657,6.255212103403123,4.193086884914889,12.215322678956241,65.36873407507827
2026-02-01,198.4953373883799,307.05726183877204,164.15702836405364,419.27631110951774,430.0093681009092,179.38029386447516,31.169111023130657,6.255212103403123,4.193086884914889,12.215322678956241,65.36873407507827,93.10499498781417
2026-03-01,251.01354015366707,180.420654181811,340.9135824578619,268.9126571119899,105.3935802704705,19.008681624687213,4.519438739389712,4.193086884914889,12.215322678956241,65.36873407507827,93.10499498781417,120.86437387243888
2026-04-01,192.61837354512903,282.14153596912,148.0901238703005,49.90354507496697,9.888359575854631,3.217608716379654,4.193086884914889,12.215322678956241,65.36873407507827,93.10499498781417,120.86437387243888,166.2582294528085
2026-05-01,282.14153596912,148.0901238703005,49.90354507496697,9.888359575854631,3.217608716379654,4.193086884914889,12.215322678956241,65.36873407507827,93.10499498781417,120.86437387243888,166.2582294528085,231.87267044005907
2026-06-01,148.0901238703005,49.90354507496697,9.888359575854631,3.217608716379654,4.193086884914889,12.215322678956241,65.36873407507827,93.10499498781417,120.86437387243888,166.2582294528085,231.87267044005907,302.6645041783577
2026-07-01,49.90354507496697,9.888359575854631,3.217608716379654,4.193086884914889,12.215322678956241,65.36873407507827,93.10499498781417,120.86437387243888,166.2582294528085,231.87267044005907,302.6645041783577,79.28483819672469
2026-08-01,9.888359575854631,3.217608716379654,4.193086884914889,12.215322678956241,65.36873407507827,93.10499498781417,120.86437387243888,166.2582294528085,231.87267044005907,302.6645041783577,79.28483819672469,20.291252091812943
2026-09-01,3.217608716379654,4.193086884914889,12.215322678956241,65.36873407507827,93.10499498781417,120.86437387243888,166.2582294528085,231.87267044005907,302.6645041783577,79.28483819672469,20.291252091812943,5.304792342319038
2026-10-01,4.193086884914889,12.215322678956241,65.36873407507827,93.10499498781417,120.86437387243888,166.2582294528085,231.87267044005907,302.6645041783577,79.28483819672469,20.291252091812943,5.304792342319038,4.122938479180402
2026-11-01,12.215322678956241,65.36873407507827,93.10499498781417,120.86437387243888,166.2582294528085,231.87267044005907,302.6645041783577,79.28483819672469,20.291252091812943,5.304792342319038,4.122938479180402,4.264346488169412
2026-12-01,65.36873407507827,93.10499498781417,120.86437387243888,166.2582294528085,231.87267044005907,302.6645041783577,79.28483819672469,20.291252091812943,5.304792342319038,4.122938479180402,4.264346488169412,9.662525414513205
2027-01-01,167.030807000507,141.25389941543264,114.80592437213775,340.8013643912388,511.62966805108704,120.38558256981806,46.12497544028207,10.54305847222049,10.329196036006485,4.264346488169412,9.662525414513205,47.624492728916415
2027-02-01,141.25389941543264,114.80592437213775,340.8013643912388,511.62966805108704,120.38558256981806,46.12497544028207,10.54305847222049,10.329196036006485,4.264346488169412,9.662525414513205,47.624492728916415,70.69453245333969
2027-03-01,144.20724156109247,278.5563964191361,392.221002980956,96.8994429280504,31.362847812585425,7.549763540848232,6.78276314639158,4.264346488169412,9.662525414513205,47.624492728916415,70.69453245333969,136.54364795552243
2027-04-01,231.87267044005907,302.6645041783577,79.28483819672469,20.291252091812943,5.304792342319038,4.122938479180402,4.264346488169412,9.662525414513205,47.624492728916415,70.69453245333969,136.54364795552243,170.01095820970147
2027-05-01,302.6645041783577,79.28483819672469,20.291252091812943,5.304792342319038,4.122938479180402,4.264346488169412,9.662525414513205,47.624492728916415,70.69453245333969,136.54364795552243,170.01095820970147,198.06977271590216
2027-06-01,79.28483819672469,20.291252091812943,5.304792342319038,4.122938479180402,4.264346488169412,9.662525414513205,47.624492728916415,70.69453245333969,136.54364795552243,170.01095820970147,198.06977271590216,258.3735051507997
2027-07-01,20.291252091812943,5.304792342319038,4.122938479180402,4.264346488169412,9.662525414513205,47.624492728916415,70.69453245333969,136.54364795552243,170.01095820970147,198.06977271590216,258.3735051507997,81.24293919295131
2027-08-01,5.304792342319038,4.122938479180402,4.264346488169412,9.662525414513205,47.624492728916415,70.69453245333969,136.54364795552243,170.01095820970147,198.06977271590216,258.3735051507997,81.24293919295131,16.487953367805304
2027-09-01,4.122938479180402,4.264346488169412,9.662525414513205,47.624492728916415,70.69453245333969,136.54364795552243,170.01095820970147,198.06977271590216,258.3735051507997,81.24293919295131,16.487953367805304,4.14307357222509
2027-10-01,4.264346488169412,9.662525414513205,47.624492728916415,70.69453245333969,136.54364795552243,170.01095820970147,198.06977271590216,258.3735051507997,81.24293919295131,16.487953367805304,4.14307357222509,2.7939964727108237
2027-11-01,9.662525414513205,47.624492728916415,70.69453245333969,136.54364795552243,170.01095820970147,198.06977271590216,258.3735051507997,81.24293919295131,16.487953367805304,4.14307357222509,2.7939964727108237,5.1083420753717705
2027-12-01,47.624492728916415,70.69453245333969,136.54364795552243,170.01095820970147,198.06977271590216,258.3735051507997,81.24293919295131,16.487953367805304,4.14307357222509,2.7939964727108237,5.1083420753717705,9.424651902930606
2028-01-01,66.1837255953718,211.8106327893087,131.69320377815612,188.6883246325327,312.32017242707633,129.19703705283786,29.01013118224769,5.315324006797722,4.348957006893387,5.1083420753717705,9.424651902930606,50.40076787791249
2028-02-01,211.8106327893087,131.69320377815612,188.6883246325327,312.32017242707633,129.19703705283786,29.01013118224769,5.315324006797722,4.348957006893387,5.1083420753717705,9.424651902930606,50.40076787791249,63.845308165179624
2028-03-01,153.58906345332488,194.04915210874378,281.4935054120611,101.79469541861697,21.854601002566326,4.64546661561336,3.460408130217637,5.1083420753717705,9.424651902930606,50.40076787791249,63.845308165179624,113.17848985618049
2028-04-01,198.06977271590216,258.3735051507997,81.24293919295131,16.487953367805304,4.14307357222509,2.7939964727108237,5.1083420753717705,9.424651902930606,50.40076787791249,63.845308165179624,113.17848985618049,164.9238277837748
2028-05-01,258.3735051507997,81.24293919295131,16.487953367805304,4.14307357222509,2.7939964727108237,5.1083420753717705,9.424651902930606,50.40076787791249,63.845308165179624,113.17848985618049,164.9238277837748,215.7887328565553
2028-06-01,81.24293919295131,16.487953367805304,4.14307357222509,2.7939964727108237,5.1083420753717705,9.424651902930606,50.40076787791249,63.845308165179624,113.17848985618049,164.9238277837748,215.7887328565553,250.6267965655915
2028-07-01,16.487953367805304,4.14307357222509,2.7939964727108237,5.1083420753717705,9.424651902930606,50.40076787791249,63.845308165179624,113.17848985618049,164.9238277837748,215.7887328565553,250.6267965655915,97.93676324392516
2028-08-01,4.14307357222509,2.7939964727108237,5.1083420753717705,9.424651902930606,50.40076787791249,63.845308165179624,113.17848985618049,164.9238277837748,215.7887328565553,250.6267965655915,97.93676324392516,15.783314531112396
2028-09-01,2.7939964727108237,5.1083420753717705,9.424651902930606,50.40076787791249,63.845308165179624,113.17848985618049,164.9238277837748,215.7887328565553,250.6267965655915,97.93676324392516,15.783314531112396,5.476288945811735
2028-10-01,5.1083420753717705,9.424651902930606,50.40076787791249,63.845308165179624,113.17848985618049,164.9238277837748,215.7887328565553,250.6267965655915,97.93676324392516,15.783314531112396,5.476288945811735,3.3800029228028476
2028-11-01,9.424651902930606,50.40076787791249,63.845308165179624,113.17848985618049,164.9238277837748,215.7887328565553,250.6267965655915,97.93676324392516,15.783314531112396,5.476288945811735,3.3800029228028476,4.443520481756539
2028-12-01,50.40076787791249,63.845308165179624,113.17848985618049,164.9238277837748,215.7887328565553,250.6267965655915,97.93676324392516,15.783314531112396,5.476288945811735,3.3800029228028476,4.443520481756539,11.301432792788583
2029-01-01,35.36221629865152,106.66742134226995,108.80111686148615,268.42364526547186,277.4599837936393,204.31924528222018,25.839256417129597,11.314793187937626,6.985986032307494,4.443520481756539,11.301432792788583,47.92883782969897
2029-02-01,106.66742134226995,108.80111686148615,268.42364526547186,277.4599837936393,204.31924528222018,25.839256417129597,11.314793187937626,6.985986032307494,4.443520481756539,11.301432792788583,47.92883782969897,69.95328356312821
2029-03-01,140.87123738850823,238.34655246037667,262.12673394904056,143.5292555460516,20.09300391083405,7.978505049579974,4.925424255447696,4.443520481756539,11.301432792788583,47.92883782969897,69.95328356312821,107.21829842215774
2029-04-01,215.7887328565553,250.6267965655915,97.93676324392516,15.783314531112396,5.476288945811735,3.3800029228028476,4.443520481756539,11.301432792788583,47.92883782969897,69.95328356312821,107.21829842215774,181.3891447099272
2029-05-01,250.6267965655915,97.93676324392516,15.783314531112396,5.476288945811735,3.3800029228028476,4.443520481756539,11.301432792788583,47.92883782969897,69.95328356312821,107.21829842215774,181.3891447099272,183.84218424792599
2029-06-01,97.93676324392516,15.783314531112396,5.476288945811735,3.3800029228028476,4.443520481756539,11.301432792788583,47.92883782969897,69.95328356312821,107.21829842215774,181.3891447099272,183.84218424792599,235.59786825224015
2029-07-01,15.783314531112396,5.476288945811735,3.3800029228028476,4.443520481756539,11.301432792788583,47.92883782969897,69.95328356312821,107.21829842215774,181.3891447099272,183.84218424792599,235.59786825224015,62.72629804933735
2029-08-01,5.476288945811735,3.3800029228028476,4.443520481756539,11.301432792788583,47.92883782969897,69.95328356312821,107.21829842215774,181.3891447099272,183.84218424792599,235.59786825224015,62.72629804933735,11.77158720883443
2029-09-01,3.3800029228028476,4.443520481756539,11.301432792788583,47.92883782969897,69.95328356312821,107.21829842215774,181.3891447099272,183.84218424792599,235.59786825224015,62.72629804933735,11.77158720883443,3.712972091843369
2029-10-01,4.443520481756539,11.301432792788583,47.92883782969897,69.95328356312821,107.21829842215774,181.3891447099272,183.84218424792599,235.59786825224015,62.72629804933735,11.77158720883443,3.712972091843369,2.2865037597755116
2029-11-01,11.301432792788583,47.92883782969897,69.95328356312821,107.21829842215774,181.3891447099272,183.84218424792599,235.59786825224015,62.72629804933735,11.77158720883443,3.712972091843369,2.2865037597755116,4.254036229322714
2029-12-01,47.92883782969897,69.95328356312821,107.21829842215774,181.3891447099272,183.84218424792599,235.59786825224015,62.72629804933735,11.77158720883443,3.712972091843369,2.2865037597755116,4.254036229322714,13.61573079688101
2030-01-01,62.84810558942018,79.8465598891676,182.8950430291719,124.66417652663989,209.8298063835583,45.872151906575034,7.786483466878762,3.3798673450799805,2.065239798684481,4.254036229322714,13.61573079688101,47.159918947297456
2030-02-01,79.8465598891676,182.8950430291719,124.66417652663989,209.8298063835583,45.872151906575034,7.786483466878762,3.3798673450799805,2.065239798684481,4.254036229322714,13.61573079688101,47.159918947297456,60.214259733893286
2030-03-01,182.0345297038892,158.48018093880336,224.5544131656622,55.50309255958207,10.063685605139144,3.5702129146590593,2.1916763478793553,4.254036229322714,13.61573079688101,47.159918947297456,60.214259733893286,112.28453341803652
2030-04-01,183.84218424792599,235.59786825224015,62.72629804933735,11.77158720883443,3.712972091843369,2.2865037597755116,4.254036229322714,13.61573079688101,47.159918947297456,60.214259733893286,112.28453341803652,165.48822107748708
2030-05-01,235.59786825224015,62.72629804933735,11.77158720883443,3.712972091843369,2.2865037597755116,4.254036229322714,13.61573079688101,47.159918947297456,60.214259733893286,112.28453341803652,165.48822107748708,192.44438644177433
2030-06-01,62.72629804933735,11.77158720883443,3.712972091843369,2.2865037597755116,4.254036229322714,13.61573079688101,47.159918947297456,60.214259733893286,112.28453341803652,165.48822107748708,192.44438644177433,265.12195548643456
2030-07-01,11.77158720883443,3.712972091843369,2.2865037597755116,4.254036229322714,13.61573079688101,47.159918947297456,60.214259733893286,112.28453341803652,165.48822107748708,192.44438644177433,265.12195548643456,94.42965432268585
2030-08-01,3.712972091843369,2.2865037597755116,4.254036229322714,13.61573079688101,47.159918947297456,60.214259733893286,112.28453341803652,165.48822107748708,192.44438644177433,265.12195548643456,94.42965432268585,14.644530839503648
2030-09-01,2.2865037597755116,4.254036229322714,13.61573079688101,47.159918947297456,60.214259733893286,112.28453341803652,165.48822107748708,192.44438644177433,265.12195548643456,94.42965432268585,14.644530839503648,3.7951625577680423
2030-10-01,4.254036229322714,13.61573079688101,47.159918947297456,60.214259733893286,112.28453341803652,165.48822107748708,192.44438644177433,265.12195548643456,94.42965432268585,14.644530839503648,3.7951625577680423,2.293692706497656
2030-11-01,13.61573079688101,47.159918947297456,60.214259733893286,112.28453341803652,165.48822107748708,192.44438644177433,265.12195548643456,94.42965432268585,14.644530839503648,3.7951625577680423,2.293692706497656,4.140081148037098
2030-12-01,47.159918947297456,60.214259733893286,112.28453341803652,165.48822107748708,192.44438644177433,265.12195548643456,94.42965432268585,14.644530839503648,3.7951625577680423,2.293692706497656,4.140081148037098,10.431708536882836
2031-01-01,19.022498357862982,102.64461737062207,111.3408866831914,163.37408639895753,342.6881989374333,188.53725513664327,20.71472980489024,3.7497244417410114,2.0975900589341316,4.140081148037098,10.431708536882836,54.997945548376165
2031-02-01,102.64461737062207,111.3408866831914,163.37408639895753,342.6881989374333,188.53725513664327,20.71472980489024,3.7497244417410114,2.0975900589341316,4.140081148037098,10.431708536882836,54.997945548376165,60.92133843370428
2031-03-01,142.28222062278894,179.98568642342426,298.3646312511483,134.76148324295332,17.246044681812187,3.775689079470743,2.209648714684717,4.140081148037098,10.431708536882836,54.997945548376165,60.92133843370428,101.33286201677105
2031-04-01,192.44438644177433,265.12195548643456,94.42965432268585,14.644530839503648,3.7951625577680423,2.293692706497656,4.140081148037098,10.431708536882836,54.997945548376165,60.92133843370428,101.33286201677105,171.5631603927528
2031-05-01,265.12195548643456,94.42965432268585,14.644530839503648,3.7951625577680423,2.293692706497656,4.140081148037098,10.431708536882836,54.997945548376165,60.92133843370428,101.33286201677105,171.5631603927528,224.7670092610063
2031-06-01,94.42965432268585,14.644530839503648,3.7951625577680423,2.293692706497656,4.140081148037098,10.431708536882836,54.997945548376165,60.92133843370428,101.33286201677105,171.5631603927528,224.7670092610063,223.28883360482442
2031-07-01,14.644530839503648,3.7951625577680423,2.293692706497656,4.140081148037098,10.431708536882836,54.997945548376165,60.92133843370428,101.33286201677105,171.5631603927528,224.7670092610063,223.28883360482442,61.379205389405556
2031-08-01,3.7951625577680423,2.293692706497656,4.140081148037098,10.431708536882836,54.997945548376165,60.92133843370428,101.33286201677105,171.5631603927528,224.7670092610063,223.28883360482442,61.379205389405556,12.334489045772107
2031-09-01,2.293692706497656,4.140081148037098,10.431708536882836,54.997945548376165,60.92133843370428,101.33286201677105,171.5631603927528,224.7670092610063,223.28883360482442,61.379205389405556,12.334489045772107,3.72349878914244
2031-10-01,4.140081148037098,10.431708536882836,54.997945548376165,60.92133843370428,101.33286201677105,171.5631603927528,224.7670092610063,223.28883360482442,61.379205389405556,12.334489045772107,3.72349878914244,2.2871093527326263
2031-11-01,10.431708536882836,54.997945548376165,60.92133843370428,101.33286201677105,171.5631603927528,224.7670092610063,223.28883360482442,61.379205389405556,12.334489045772107,3.72349878914244,2.2871093527326263,4.603846038619003
2031-12-01,54.997945548376165,60.92133843370428,101.33286201677105,171.5631603927528,224.7670092610063,223.28883360482442,61.379205389405556,12.334489045772107,3.72349878914244,2.2871093527326263,4.603846038619003,12.956494709132578
2032-01-01,22.20435250701247,53.36209606492742,138.67811360188713,308.82588908550133,154.43915047018754,39.810234936881955,10.319541733098303,3.4272374829257997,2.0679649669914975,4.603846038619003,12.956494709132578,53.06998467081359
2032-02-01,53.36209606492742,138.67811360188713,308.82588908550133,154.43915047018754,39.810234936881955,10.319541733098303,3.4272374829257997,2.0679649669914975,4.603846038619003,12.956494709132578,53.06998467081359,63.58014292338503
2032-03-01,157.46956891095323,260.79224347150415,193.78182654712288,52.13536090975258,11.470940197483333,3.5965296579067365,2.1931903302721425,4.603846038619003,12.956494709132578,53.06998467081359,63.58014292338503,100.13548062758889
2032-04-01,224.7670092610063,223.28883360482442,61.379205389405556,12.334489045772107,3.72349878914244,2.2871093527326263,4.603846038619003,12.956494709132578,53.06998467081359,63.58014292338503,100.13548062758889,192.00865688012306
2032-05-01,223.28883360482442,61.379205389405556,12.334489045772107,3.72349878914244,2.2871093527326263,4.603846038619003,12.956494709132578,53.06998467081359,63.58014292338503,100.13548062758889,192.00865688012306,190.59549034853143
2032-06-01,61.379205389405556,12.334489045772107,3.72349878914244,2.2871093527326263,4.603846038619003,12.956494709132578,53.06998467081359,63.58014292338503,100.13548062758889,192.00865688012306,190.59549034853143,282.37785944633663
2032-07-01,12.334489045772107,3.72349878914244,2.2871093527326263,4.603846038619003,12.956494709132578,53.06998467081359,63.58014292338503,100.13548062758889,192.00865688012306,190.59549034853143,282.37785944633663,79.09496184439347
2032-08-01,3.72349878914244,2.2871093527326263,4.603846038619003,12.956494709132578,53.06998467081359,63.58014292338503,100.13548062758889,192.00865688012306,190.59549034853143,282.37785944633663,79.09496184439347,13.750155579790846
2032-09-01,2.2871093527326263,4.603846038619003,12.956494709132578,53.06998467081359,63.58014292338503,100.13548062758889,192.00865688012306,190.59549034853143,282.37785944633663,79.09496184439347,13.750155579790846,3.77138970484979
2032-10-01,4.603846038619003,12.956494709132578,53.06998467081359,63.58014292338503,100.13548062758889,192.00865688012306,190.59549034853143,282.37785944633663,79.09496184439347,13.750155579790846,3.77138970484979,2.4358928023712423
2032-11-01,12.956494709132578,53.06998467081359,63.58014292338503,100.13548062758889,192.00865688012306,190.59549034853143,282.37785944633663,79.09496184439347,13.750155579790846,3.77138970484979,2.4358928023712423,4.918402851657661
2032-12-01,53.06998467081359,63.58014292338503,100.13548062758889,192.00865688012306,190.59549034853143,282.37785944633663,79.09496184439347,13.750155579790846,3.77138970484979,2.4358928023712423,4.918402851657661,11.266599253332268
2033-01-01,34.168972710575865,47.973879813607766,230.68284779505328,155.05405397936443,420.33976675699245,119.53113898432754,16.69004113618263,3.642746603608877,2.737490490365271,4.918402851657661,11.266599253332268,84.45125319374861
2033-02-01,47.973879813607766,230.68284779505328,155.05405397936443,420.33976675699245,119.53113898432754,16.69004113618263,3.642746603608877,2.737490490365271,4.918402851657661,11.266599253332268,84.45125319374861,77.79811984236892
2033-03-01,208.58331012937884,175.36344619031698,341.5043911509034,96.42475204722234,15.01010653253018,3.716256947175113,2.565148954368683,4.918402851657661,11.266599253332268,84.45125319374861,77.79811984236892,107.290202231877
2033-04-01,190.59549034853143,282.37785944633663,79.09496184439347,13.750155579790846,3.77138970484979,2.4358928023712423,4.918402851657661,11.266599253332268,84.45125319374861,77.79811984236892,107.290202231877,161.69631126467618
2033-05-01,282.37785944633663,79.09496184439347,13.750155579790846,3.77138970484979,2.4358928023712423,4.918402851657661,11.266599253332268,84.45125319374861,77.79811984236892,107.290202231877,161.69631126467618,182.21047486680047
2033-06-01,79.09496184439347,13.750155579790846,3.77138970484979,2.4358928023712423,4.918402851657661,11.266599253332268,84.45125319374861,77.79811984236892,107.290202231877,161.69631126467618,182.21047486680047,243.32868358457594
2033-07-01,13.750155579790846,3.77138970484979,2.4358928023712423,4.918402851657661,11.266599253332268,84.45125319374861,77.79811984236892,107.290202231877,161.69631126467618,182.21047486680047,243.32868358457594,125.6018862329196
2033-08-01,3.77138970484979,2.4358928023712423,4.918402851657661,11.266599253332268,84.45125319374861,77.79811984236892,107.290202231877,161.69631126467618,182.21047486680047,243.32868358457594,125.6018862329196,18.1200443997412
2033-09-01,2.4358928023712423,4.918402851657661,11.266599253332268,84.45125319374861,77.79811984236892,107.290202231877,161.69631126467618,182.21047486680047,243.32868358457594,125.6018862329196,18.1200443997412,4.058622048104627
2033-10-01,4.918402851657661,11.266599253332268,84.45125319374861,77.79811984236892,107.290202231877,161.69631126467618,182.21047486680047,243.32868358457594,125.6018862329196,18.1200443997412,4.058622048104627,2.347623253506307
2033-11-01,11.266599253332268,84.45125319374861,77.79811984236892,107.290202231877,161.69631126467618,182.21047486680047,243.32868358457594,125.6018862329196,18.1200443997412,4.058622048104627,2.347623253506307,4.043867375567438
2033-12-01,84.45125319374861,77.79811984236892,107.290202231877,161.69631126467618,182.21047486680047,243.32868358457594,125.6018862329196,18.1200443997412,4.058622048104627,2.347623253506307,4.043867375567438,9.943333410802728
2034-01-01,98.14986884600332,80.17012703290423,94.2772925255424,117.32148431157515,244.6184753790693,328.8122987326951,36.35454082595922,4.935292148255642,2.340277520473062,4.043867375567438,9.943333410802728,48.34726869103755
2034-02-01,80.17012703290423,94.2772925255424,117.32148431157515,244.6184753790693,328.8122987326951,36.35454082595922,4.935292148255642,2.340277520473062,4.043867375567438,9.943333410802728,48.34726869103755,60.82411082097857
2034-03-01,132.80244609076172,154.40090748598962,243.88145149650165,212.69206301853768,25.934828582406062,4.434337805312204,2.344475082206345,4.043867375567438,9.943333410802728,48.34726869103755,60.82411082097857,93.03589696710738
2034-04-01,182.21047486680047,243.32868358457594,125.6018862329196,18.1200443997412,4.058622048104627,2.347623253506307,4.043867375567438,9.943333410802728,48.34726869103755,60.82411082097857,93.03589696710738,151.68334074750157
2034-05-01,243.32868358457594,125.6018862329196,18.1200443997412,4.058622048104627,2.347623253506307,4.043867375567438,9.943333410802728,48.34726869103755,60.82411082097857,93.03589696710738,151.68334074750157,167.9342157187072
2034-06-01,125.6018862329196,18.1200443997412,4.058622048104627,2.347623253506307,4.043867375567438,9.943333410802728,48.34726869103755,60.82411082097857,93.03589696710738,151.68334074750157,167.9342157187072,204.12512092565115
2034-07-01,18.1200443997412,4.058622048104627,2.347623253506307,4.043867375567438,9.943333410802728,48.34726869103755,60.82411082097857,93.03589696710738,151.68334074750157,167.9342157187072,204.12512092565115,55.91683151856168
2034-08-01,4.058622048104627,2.347623253506307,4.043867375567438,9.943333410802728,48.34726869103755,60.82411082097857,93.03589696710738,151.68334074750157,167.9342157187072,204.12512092565115,55.91683151856168,11.060765701662357
2034-09-01,2.347623253506307,4.043867375567438,9.943333410802728,48.34726869103755,60.82411082097857,93.03589696710738,151.68334074750157,167.9342157187072,204.12512092565115,55.91683151856168,11.060765701662357,3.695373089775748
2034-10-01,4.043867375567438,9.943333410802728,48.34726869103755,60.82411082097857,93.03589696710738,151.68334074750157,167.9342157187072,204.12512092565115,55.91683151856168,11.060765701662357,3.695373089775748,2.5307738060699614
2034-11-01,9.943333410802728,48.34726869103755,60.82411082097857,93.03589696710738,151.68334074750157,167.9342157187072,204.12512092565115,55.91683151856168,11.060765701662357,3.695373089775748,2.5307738060699614,4.167779094950255
2034-12-01,48.34726869103755,60.82411082097857,93.03589696710738,151.68334074750157,167.9342157187072,204.12512092565115,55.91683151856168,11.060765701662357,3.695373089775748,2.5307738060699614,4.167779094950255,15.060268999464574
2035-01-01,21.766828249746776,16.02575334144091,49.21892519825664,53.07831814515545,68.20244341390782,15.229552518084507,4.587786684604422,3.300671835775687,3.164455007009506,4.167779094950255,15.060268999464574,49.456096554190125
2035-02-01,16.02575334144091,49.21892519825664,53.07831814515545,68.20244341390782,15.229552518084507,4.587786684604422,3.300671835775687,3.164455007009506,4.167779094950255,15.060268999464574,49.456096554190125,64.46335828920981
2035-03-01,107.77001979782519,118.71025961575644,145.87254484918972,38.479426232642886,8.286631837208956,3.5262154094900073,2.80235146361548,4.167779094950255,15.060268999464574,49.456096554190125,64.46335828920981,97.68350548424525
2035-04-01,167.9342157187072,204.12512092565115,55.91683151856168,11.060765701662357,3.695373089775748,2.5307738060699614,4.167779094950255,15.060268999464574,49.456096554190125,64.46335828920981,97.68350548424525,164.77876536674756
2035-05-01,204.12512092565115,55.91683151856168,11.060765701662357,3.695373089775748,2.5307738060699614,4.167779094950255,15.060268999464574,49.456096554190125,64.46335828920981,97.68350548424525,164.77876536674756,222.94904237371964
2035-06-01,55.91683151856168,11.060765701662357,3.695373089775748,2.5307738060699614,4.167779094950255,15.060268999464574,49.456096554190125,64.46335828920981,97.68350548424525,164.77876536674756,222.94904237371964,242.27163622249688
2035-07-01,11.060765701662357,3.695373089775748,2.5307738060699614,4.167779094950255,15.060268999464574,49.456096554190125,64.46335828920981,97.68350548424525,164.77876536674756,222.94904237371964,242.27163622249688,92.64237140204412
2035-08-01,3.695373089775748,2.5307738060699614,4.167779094950255,15.060268999464574,49.456096554190125,64.46335828920981,97.68350548424525,164.77876536674756,222.94904237371964,242.27163622249688,92.64237140204412,20.916796759990415
2035-09-01,2.5307738060699614,4.167779094950255,15.060268999464574,49.456096554190125,64.46335828920981,97.68350548424525,164.77876536674756,222.94904237371964,242.27163622249688,92.64237140204412,20.916796759990415,4.107511408446419
2035-10-01,4.167779094950255,15.060268999464574,49.456096554190125,64.46335828920981,97.68350548424525,164.77876536674756,222.94904237371964,242.27163622249688,92.64237140204412,20.916796759990415,4.107511408446419,2.3080043165959188
2035-11-01,15.060268999464574,49.456096554190125,64.46335828920981,97.68350548424525,164.77876536674756,222.94904237371964,242.27163622249688,92.64237140204412,20.916796759990415,4.107511408446419,2.3080043165959188,4.253041856054144
2035-12-01,49.456096554190125,64.46335828920981,97.68350548424525,164.77876536674756,222.94904237371964,242.27163622249688,92.64237140204412,20.916796759990415,4.107511408446419,2.3080043165959188,4.253041856054144,17.243942639664017
2036-01-01,38.14344185678732,36.93999166856133,108.14833598486356,300.6450380927114,239.8617622497136,180.4944819937555,48.93992644708069,5.1552942697937025,2.1619923043763154,4.253041856054144,17.243942639664017,93.69908873282662
2036-02-01,36.93999166856133,108.14833598486356,300.6450380927114,239.8617622497136,180.4944819937555,48.93992644708069,5.1552942697937025,2.1619923043763154,4.253041856054144,17.243942639664017,93.69908873282662,94.87885528788081
2036-03-01,140.50858134594014,256.2473262532875,241.23883309130403,130.293275941349,32.9267094830291,4.556561206166682,2.245427739930374,4.253041856054144,17.243942639664017,93.69908873282662,94.87885528788081,113.20124514013509
2036-04-01,222.94904237371964,242.27163622249688,92.64237140204412,20.916796759990415,4.107511408446419,2.3080043165959188,4.253041856054144,17.243942639664017,93.69908873282662,94.87885528788081,113.20124514013509,207.06458922083124
2036-05-01,242.27163622249688,92.64237140204412,20.916796759990415,4.107511408446419,2.3080043165959188,4.253041856054144,17.243942639664017,93.69908873282662,94.87885528788081,113.20124514013509,207.06458922083124,221.63080401070528
2036-06-01,92.64237140204412,20.916796759990415,4.107511408446419,2.3080043165959188,4.253041856054144,17.243942639664017,93.69908873282662,94.87885528788081,113.20124514013509,207.06458922083124,221.63080401070528,250.97178462723633
2036-07-01,20.916796759990415,4.107511408446419,2.3080043165959188,4.253041856054144,17.243942639664017,93.69908873282662,94.87885528788081,113.20124514013509,207.06458922083124,221.63080401070528,250.97178462723633,96.01378418177077
2036-08-01,4.107511408446419,2.3080043165959188,4.253041856054144,17.243942639664017,93.69908873282662,94.87885528788081,113.20124514013509,207.06458922083124,221.63080401070528,250.97178462723633,96.01378418177077,16.69522349009405
2036-09-01,2.3080043165959188,4.253041856054144,17.243942639664017,93.69908873282662,94.87885528788081,113.20124514013509,207.06458922083124,221.63080401070528,250.97178462723633,96.01378418177077,16.69522349009405,4.855183282300095
2036-10-01,4.253041856054144,17.243942639664017,93.69908873282662,94.87885528788081,113.20124514013509,207.06458922083124,221.63080401070528,250.97178462723633,96.01378418177077,16.69522349009405,4.855183282300095,2.318828571342668
2036-11-01,17.243942639664017,93.69908873282662,94.87885528788081,113.20124514013509,207.06458922083124,221.63080401070528,250.97178462723633,96.01378418177077,16.69522349009405,4.855183282300095,2.318828571342668,4.1862099173826195
2036-12-01,93.69908873282662,94.87885528788081,113.20124514013509,207.06458922083124,221.63080401070528,250.97178462723633,96.01378418177077,16.69522349009405,4.855183282300095,2.318828571342668,4.1862099173826195,12.722698221119286
2037-01-01,175.01317835080684,106.76982012006562,298.4345433282401,294.7129654591467,279.0124300710411,195.66583950252544,29.942846732547054,8.519817702135247,2.210701450736687,4.1862099173826195,12.722698221119286,112.56667049743496
2037-02-01,106.76982012006562,298.4345433282401,294.7129654591467,279.0124300710411,195.66583950252544,29.942846732547054,8.519817702135247,2.210701450736687,4.1862099173826195,12.722698221119286,112.56667049743496,106.42516437773989
2037-03-01,246.22314098114936,252.9517303457516,262.98920410315264,138.72180789066562,22.372776308288195,6.425740890800874,2.2724883767972477,4.1862099173826195,12.722698221119286,112.56667049743496,106.42516437773989,145.8741535672134
2037-04-01,221.63080401070528,250.97178462723633,96.01378418177077,16.69522349009405,4.855183282300095,2.318828571342668,4.1862099173826195,12.722698221119286,112.56667049743496,106.42516437773989,145.8741535672134,184.37200838162863
2037-05-01,250.97178462723633,96.01378418177077,16.69522349009405,4.855183282300095,2.318828571342668,4.1862099173826195,12.722698221119286,112.56667049743496,106.42516437773989,145.8741535672134,184.37200838162863,227.40660470906693
2037-06-01,96.01378418177077,16.69522349009405,4.855183282300095,2.318828571342668,4.1862099173826195,12.722698221119286,112.56667049743496,106.42516437773989,145.8741535672134,184.37200838162863,227.40660470906693,282.4972503614582
2037-07-01,16.69522349009405,4.855183282300095,2.318828571342668,4.1862099173826195,12.722698221119286,112.56667049743496,106.42516437773989,145.8741535672134,184.37200838162863,227.40660470906693,282.4972503614582,100.35863609194539
2037-08-01,4.855183282300095,2.318828571342668,4.1862099173826195,12.722698221119286,112.56667049743496,106.42516437773989,145.8741535672134,184.37200838162863,227.40660470906693,282.4972503614582,100.35863609194539,18.258169266066712
2037-09-01,2.318828571342668,4.1862099173826195,12.722698221119286,112.56667049743496,106.42516437773989,145.8741535672134,184.37200838162863,227.40660470906693,282.4972503614582,100.35863609194539,18.258169266066712,4.344982870883879
2037-10-01,4.1862099173826195,12.722698221119286,112.56667049743496,106.42516437773989,145.8741535672134,184.37200838162863,227.40660470906693,282.4972503614582,100.35863609194539,18.258169266066712,4.344982870883879,2.481468375678222
2037-11-01,12.722698221119286,112.56667049743496,106.42516437773989,145.8741535672134,184.37200838162863,227.40660470906693,282.4972503614582,100.35863609194539,18.258169266066712,4.344982870883879,2.481468375678222,4.245871184065444
2037-12-01,112.56667049743496,106.42516437773989,145.8741535672134,184.37200838162863,227.40660470906693,282.4972503614582,100.35863609194539,18.258169266066712,4.344982870883879,2.481468375678222,4.245871184065444,12.79386604644753
2038-01-01,226.9715692551727,253.79790804191802,196.31792955182837,320.7040686017742,420.87702587503964,215.21767309831122,36.976102724424024,6.223915850762275,2.942580570246678,4.245871184065444,12.79386604644753,50.33850135263975
2038-02-01,253.79790804191802,196.31792955182837,320.7040686017742,420.87702587503964,215.21767309831122,36.976102724424024,6.223915850762275,2.942580570246678,4.245871184065444,12.79386604644753,50.33850135263975,59.18579139827529
2038-03-01,189.49168888314279,267.39123209165575,341.8028684387074,149.58393766610217,26.280140748219843,5.150239862260333,2.6790878876361313,4.245871184065444,12.79386604644753,50.33850135263975,59.18579139827529,101.99654171963356
2038-04-01,227.40660470906693,282.4972503614582,100.35863609194539,18.258169266066712,4.344982870883879,2.481468375678222,4.245871184065444,12.79386604644753,50.33850135263975,59.18579139827529,101.99654171963356,155.0638150103013
2038-05-01,282.4972503614582,100.35863609194539,18.258169266066712,4.344982870883879,2.481468375678222,4.245871184065444,12.79386604644753,50.33850135263975,59.18579139827529,101.99654171963356,155.0638150103013,184.6291098205387
2038-06-01,100.35863609194539,18.258169266066712,4.344982870883879,2.481468375678222,4.245871184065444,12.79386604644753,50.33850135263975,59.18579139827529,101.99654171963356,155.0638150103013,184.6291098205387,220.247600524329
2038-07-01,18.258169266066712,4.344982870883879,2.481468375678222,4.245871184065444,12.79386604644753,50.33850135263975,59.18579139827529,101.99654171963356,155.0638150103013,184.6291098205387,220.247600524329,58.488585339391776
2038-08-01,4.344982870883879,2.481468375678222,4.245871184065444,12.79386604644753,50.33850135263975,59.18579139827529,101.99654171963356,155.0638150103013,184.6291098205387,220.247600524329,58.488585339391776,11.590877438218214
2038-09-01,2.481468375678222,4.245871184065444,12.79386604644753,50.33850135263975,59.18579139827529,101.99654171963356,155.0638150103013,184.6291098205387,220.247600524329,58.488585339391776,11.590877438218214,3.750352719461248
2038-10-01,4.245871184065444,12.79386604644753,50.33850135263975,59.18579139827529,101.99654171963356,155.0638150103013,184.6291098205387,220.247600524329,58.488585339391776,11.590877438218214,3.750352719461248,2.386112083822073
2038-11-01,12.79386604644753,50.33850135263975,59.18579139827529,101.99654171963356,155.0638150103013,184.6291098205387,220.247600524329,58.488585339391776,11.590877438218214,3.750352719461248,2.386112083822073,12.538383461092266
2038-12-01,50.33850135263975,59.18579139827529,101.99654171963356,155.0638150103013,184.6291098205387,220.247600524329,58.488585339391776,11.590877438218214,3.750352719461248,2.386112083822073,12.538383461092266,10.140484072316927
2039-01-01,14.394390847582017,56.348654727808736,64.43105938085546,128.2053416033972,140.7536016079581,26.802444711819966,6.97328949910579,3.548080169360436,2.5134772568940096,12.538383461092266,10.140484072316927,49.19986748409179
2039-02-01,56.348654727808736,64.43105938085546,128.2053416033972,140.7536016079581,26.802444711819966,6.97328949910579,3.548080169360436,2.5134772568940096,12.538383461092266,10.140484072316927,49.19986748409179,73.00253520411637
2039-03-01,116.22120545482453,160.4474948703352,186.1787438458843,44.90881078471814,9.611911178598604,3.663664483703757,2.4406971579957597,12.538383461092266,10.140484072316927,49.19986748409179,73.00253520411637,168.30001752556296
2039-04-01,184.6291098205387,220.247600524329,58.488585339391776,11.590877438218214,3.750352719461248,2.386112083822073,12.538383461092266,10.140484072316927,49.19986748409179,73.00253520411637,168.30001752556296,195.2508394216743
2039-05-01,220.247600524329,58.488585339391776,11.590877438218214,3.750352719461248,2.386112083822073,12.538383461092266,10.140484072316927,49.19986748409179,73.00253520411637,168.30001752556296,195.2508394216743,195.00575006464277
2039-06-01,58.488585339391776,11.590877438218214,3.750352719461248,2.386112083822073,12.538383461092266,10.140484072316927,49.19986748409179,73.00253520411637,168.30001752556296,195.2508394216743,195.00575006464277,253.45432339443005
2039-07-01,11.590877438218214,3.750352719461248,2.386112083822073,12.538383461092266,10.140484072316927,49.19986748409179,73.00253520411637,168.30001752556296,195.2508394216743,195.00575006464277,253.45432339443005,67.69496284152507
2039-08-01,3.750352719461248,2.386112083822073,12.538383461092266,10.140484072316927,49.19986748409179,73.00253520411637,168.30001752556296,195.2508394216743,195.00575006464277,253.45432339443005,67.69496284152507,12.897523246237206
2039-09-01,2.386112083822073,12.538383461092266,10.140484072316927,49.19986748409179,73.00253520411637,168.30001752556296,195.2508394216743,195.00575006464277,253.45432339443005,67.69496284152507,12.897523246237206,3.882110543880009
2039-10-01,12.538383461092266,10.140484072316927,49.19986748409179,73.00253520411637,168.30001752556296,195.2508394216743,195.00575006464277,253.45432339443005,67.69496284152507,12.897523246237206,3.882110543880009,2.2879609263881266
2039-11-01,10.140484072316927,49.19986748409179,73.00253520411637,168.30001752556296,195.2508394216743,195.00575006464277,253.45432339443005,67.69496284152507,12.897523246237206,3.882110543880009,2.2879609263881266,4.114444173834062
2039-12-01,49.19986748409179,73.00253520411637,168.30001752556296,195.2508394216743,195.00575006464277,253.45432339443005,67.69496284152507,12.897523246237206,3.882110543880009,2.2879609263881266,4.114444173834062,20.72475109561772
2040-01-01,76.56973797386685,354.71429585449096,245.27266923203393,174.90022270186552,290.1838545234129,68.23114347141976,12.853195635191247,4.140990379244862,2.0717970484412493,4.114444173834062,20.72475109561772,71.11469383036084
2040-02-01,354.71429585449096,245.27266923203393,174.90022270186552,290.1838545234129,68.23114347141976,12.853195635191247,4.140990379244862,2.0717970484412493,4.114444173834062,20.72475109561772,71.11469383036084,62.399793749070014
2040-03-01,216.688766483257,186.38909548059536,269.19555102113696,67.92475454005135,12.87852569864608,3.9930590447506598,2.1953192644108936,4.114444173834062,20.72475109561772,71.11469383036084,62.399793749070014,97.69740796277034
2040-04-01,195.00575006464277,253.45432339443005,67.69496284152507,12.897523246237206,3.882110543880009,2.2879609263881266,4.114444173834062,20.72475109561772,71.11469383036084,62.399793749070014,97.69740796277034,161.5623704882257
2040-05-01,253.45432339443005,67.69496284152507,12.897523246237206,3.882110543880009,2.2879609263881266,4.114444173834062,20.72475109561772,71.11469383036084,62.399793749070014,97.69740796277034,161.5623704882257,192.8237886608952
2040-06-01,67.69496284152507,12.897523246237206,3.882110543880009,2.2879609263881266,4.114444173834062,20.72475109561772,71.11469383036084,62.399793749070014,97.69740796277034,161.5623704882257,192.8237886608952,228.0067393942967
2040-07-01,12.897523246237206,3.882110543880009,2.2879609263881266,4.114444173834062,20.72475109561772,71.11469383036084,62.399793749070014,97.69740796277034,161.5623704882257,192.8237886608952,228.0067393942967,81.80581857497806
2040-08-01,3.882110543880009,2.2879609263881266,4.114444173834062,20.72475109561772,71.11469383036084,62.399793749070014,97.69740796277034,161.5623704882257,192.8237886608952,228.0067393942967,81.80581857497806,13.141459579864868
2040-09-01,2.2879609263881266,4.114444173834062,20.72475109561772,71.11469383036084,62.399793749070014,97.69740796277034,161.5623704882257,192.8237886608952,228.0067393942967,81.80581857497806,13.141459579864868,3.7775238382184293
2040-10-01,4.114444173834062,20.72475109561772,71.11469383036084,62.399793749070014,97.69740796277034,161.5623704882257,192.8237886608952,228.0067393942967,81.80581857497806,13.141459579864868,3.7775238382184293,2.2898718872752495
2040-11-01,20.72475109561772,71.11469383036084,62.399793749070014,97.69740796277034,161.5623704882257,192.8237886608952,228.0067393942967,81.80581857497806,13.141459579864868,3.7775238382184293,2.2898718872752495,4.057540465087126
2040-12-01,71.11469383036084,62.399793749070014,97.69740796277034,161.5623704882257,192.8237886608952,228.0067393942967,81.80581857497806,13.141459579864868,3.7775238382184293,2.2898718872752495,4.057540465087126,10.501344125815569
2041-01-01,28.857401426158262,37.00255282192429,93.6745590315152,165.0813963850013,175.66972652281274,131.72999427195828,13.95090913651573,3.670350203767751,2.080396372433303,4.057540465087126,10.501344125815569,50.240616986349146
2041-02-01,37.00255282192429,93.6745590315152,165.0813963850013,175.66972652281274,131.72999427195828,13.95090913651573,3.670350203767751,2.080396372433303,4.057540465087126,10.501344125815569,50.240616986349146,69.40223230119229
2041-03-01,132.4675941496355,180.93419197122637,205.57659102080356,103.20189387368386,13.488366532715236,3.73159228059671,2.200096666628701,4.057540465087126,10.501344125815569,50.240616986349146,69.40223230119229,103.47859114771715
2041-04-01,192.8237886608952,228.0067393942967,81.80581857497806,13.141459579864868,3.7775238382184293,2.2898718872752495,4.057540465087126,10.501344125815569,50.240616986349146,69.40223230119229,103.47859114771715,165.2282134109721
2041-05-01,228.0067393942967,81.80581857497806,13.141459579864868,3.7775238382184293,2.2898718872752495,4.057540465087126,10.501344125815569,50.240616986349146,69.40223230119229,103.47859114771715,165.2282134109721,200.27178428556834
2041-06-01,81.80581857497806,13.141459579864868,3.7775238382184293,2.2898718872752495,4.057540465087126,10.501344125815569,50.240616986349146,69.40223230119229,103.47859114771715,165.2282134109721,200.27178428556834,221.33699386125383
2041-07-01,13.141459579864868,3.7775238382184293,2.2898718872752495,4.057540465087126,10.501344125815569,50.240616986349146,69.40223230119229,103.47859114771715,165.2282134109721,200.27178428556834,221.33699386125383,60.00047957211803
2041-08-01,3.7775238382184293,2.2898718872752495,4.057540465087126,10.501344125815569,50.240616986349146,69.40223230119229,103.47859114771715,165.2282134109721,200.27178428556834,221.33699386125383,60.00047957211803,11.850825109990495
2041-09-01,2.2898718872752495,4.057540465087126,10.501344125815569,50.240616986349146,69.40223230119229,103.47859114771715,165.2282134109721,200.27178428556834,221.33699386125383,60.00047957211803,11.850825109990495,4.7787145836805704
2041-10-01,4.057540465087126,10.501344125815569,50.240616986349146,69.40223230119229,103.47859114771715,165.2282134109721,200.27178428556834,221.33699386125383,60.00047957211803,11.850825109990495,4.7787145836805704,2.4269705796114494
2041-11-01,10.501344125815569,50.240616986349146,69.40223230119229,103.47859114771715,165.2282134109721,200.27178428556834,221.33699386125383,60.00047957211803,11.850825109990495,4.7787145836805704,2.4269705796114494,4.105299931555154
2041-12-01,50.240616986349146,69.40223230119229,103.47859114771715,165.2282134109721,200.27178428556834,221.33699386125383,60.00047957211803,11.850825109990495,4.7787145836805704,2.4269705796114494,4.105299931555154,11.019084337504951
2042-01-01,60.368374910708475,63.0178771541849,110.17085218387402,198.59737669603055,145.6558716241198,33.6059687590881,8.143054022081051,8.175708558347388,2.6973404879462013,4.105299931555154,11.019084337504951,65.6218724614705
2042-02-01,63.0178771541849,110.17085218387402,198.59737669603055,145.6558716241198,33.6059687590881,8.143054022081051,8.175708558347388,2.6973404879462013,4.105299931555154,11.019084337504951,65.6218724614705,77.91968373544354
2042-03-01,141.6322014565015,199.55418103290927,188.90222718819638,48.68854636653377,10.261780358029306,6.234569144252063,2.5428433974692,4.105299931555154,11.019084337504951,65.6218724614705,77.91968373544354,111.94938771958587
2042-04-01,200.27178428556834,221.33699386125383,60.00047957211803,11.850825109990495,4.7787145836805704,2.4269705796114494,4.105299931555154,11.019084337504951,65.6218724614705,77.91968373544354,111.94938771958587,161.60658639419012
2042-05-01,221.33699386125383,60.00047957211803,11.850825109990495,4.7787145836805704,2.4269705796114494,4.105299931555154,11.019084337504951,65.6218724614705,77.91968373544354,111.94938771958587,161.60658639419012,190.43842562376216
2042-06-01,60.00047957211803,11.850825109990495,4.7787145836805704,2.4269705796114494,4.105299931555154,11.019084337504951,65.6218724614705,77.91968373544354,111.94938771958587,161.60658639419012,190.43842562376216,243.78627003670084
2042-07-01,11.850825109990495,4.7787145836805704,2.4269705796114494,4.105299931555154,11.019084337504951,65.6218724614705,77.91968373544354,111.94938771958587,161.60658639419012,190.43842562376216,243.78627003670084,139.55279344317393
2042-08-01,4.7787145836805704,2.4269705796114494,4.105299931555154,11.019084337504951,65.6218724614705,77.91968373544354,111.94938771958587,161.60658639419012,190.43842562376216,243.78627003670084,139.55279344317393,39.517026752505174
2042-09-01,2.4269705796114494,4.105299931555154,11.019084337504951,65.6218724614705,77.91968373544354,111.94938771958587,161.60658639419012,190.43842562376216,243.78627003670084,139.55279344317393,39.517026752505174,6.071693506029801
2042-10-01,4.105299931555154,11.019084337504951,65.6218724614705,77.91968373544354,111.94938771958587,161.60658639419012,190.43842562376216,243.78627003670084,139.55279344317393,39.517026752505174,6.071693506029801,2.338039504404871
2042-11-01,11.019084337504951,65.6218724614705,77.91968373544354,111.94938771958587,161.60658639419012,190.43842562376216,243.78627003670084,139.55279344317393,39.517026752505174,6.071693506029801,2.338039504404871,4.617747840147585
2042-12-01,65.6218724614705,77.91968373544354,111.94938771958587,161.60658639419012,190.43842562376216,243.78627003670084,139.55279344317393,39.517026752505174,6.071693506029801,2.338039504404871,4.617747840147585,10.638373503474144
2043-01-01,98.69690636483917,101.13646172759415,93.87353060835511,154.3472627179027,246.67761441363146,391.5913811788397,132.6409614133971,13.994113708918926,2.2971506495165994,4.617747840147585,10.638373503474144,48.95467247821788
2043-02-01,101.13646172759415,93.87353060835511,154.3472627179027,246.67761441363146,391.5913811788397,132.6409614133971,13.994113708918926,2.2971506495165994,4.617747840147585,10.638373503474144,48.95467247821788,63.51383208327293
2043-03-01,132.57813391454656,174.9707843783938,245.02541762681395,247.5693310441735,79.42728446431599,9.46701645012514,2.3205157094527546,4.617747840147585,10.638373503474144,48.95467247821788,63.51383208327293,113.18338954263527
2043-04-01,190.43842562376216,243.78627003670084,139.55279344317393,39.517026752505174,6.071693506029801,2.338039504404871,4.617747840147585,10.638373503474144,48.95467247821788,63.51383208327293,113.18338954263527,177.7744173033381
2043-05-01,243.78627003670084,139.55279344317393,39.517026752505174,6.071693506029801,2.338039504404871,4.617747840147585,10.638373503474144,48.95467247821788,63.51383208327293,113.18338954263527,177.7744173033381,209.21084626337023
2043-06-01,139.55279344317393,39.517026752505174,6.071693506029801,2.338039504404871,4.617747840147585,10.638373503474144,48.95467247821788,63.51383208327293,113.18338954263527,177.7744173033381,209.21084626337023,239.92168977628359
2043-07-01,39.517026752505174,6.071693506029801,2.338039504404871,4.617747840147585,10.638373503474144,48.95467247821788,63.51383208327293,113.18338954263527,177.7744173033381,209.21084626337023,239.92168977628359,63.928296419876595
2043-08-01,6.071693506029801,2.338039504404871,4.617747840147585,10.638373503474144,48.95467247821788,63.51383208327293,113.18338954263527,177.7744173033381,209.21084626337023,239.92168977628359,63.928296419876595,11.955020449512862
2043-09-01,2.338039504404871,4.617747840147585,10.638373503474144,48.95467247821788,63.51383208327293,113.18338954263527,177.7744173033381,209.21084626337023,239.92168977628359,63.928296419876595,11.955020449512862,3.9178221731354688
2043-10-01,4.617747840147585,10.638373503474144,48.95467247821788,63.51383208327293,113.18338954263527,177.7744173033381,209.21084626337023,239.92168977628359,63.928296419876595,11.955020449512862,3.9178221731354688,2.288192604881327
2043-11-01,10.638373503474144,48.95467247821788,63.51383208327293,113.18338954263527,177.7744173033381,209.21084626337023,239.92168977628359,63.928296419876595,11.955020449512862,3.9178221731354688,2.288192604881327,4.137721905452746
2043-12-01,48.95467247821788,63.51383208327293,113.18338954263527,177.7744173033381,209.21084626337023,239.92168977628359,63.928296419876595,11.955020449512862,3.9178221731354688,2.288192604881327,4.137721905452746,14.318997296255938
2044-01-01,33.87057393007141,106.68946993131644,166.6287696995211,238.82315559613897,229.28700324175378,51.28114457400165,8.611933049931697,4.30169271089443,2.0728396016606503,4.137721905452746,14.318997296255938,53.511749207479006
2044-02-01,106.68946993131644,166.6287696995211,238.82315559613897,229.28700324175378,51.28114457400165,8.611933049931697,4.30169271089443,2.0728396016606503,4.137721905452746,14.318997296255938,53.511749207479006,63.06516207180688
2044-03-01,172.99771118741654,221.90183597741395,235.36396697577078,58.50808848593019,10.522268706835218,4.082338117889309,2.195898460643894,4.137721905452746,14.318997296255938,53.511749207479006,63.06516207180688,127.87236278426741
2044-04-01,209.21084626337023,239.92168977628359,63.928296419876595,11.955020449512862,3.9178221731354688,2.288192604881327,4.137721905452746,14.318997296255938,53.511749207479006,63.06516207180688,127.87236278426741,170.96708126345905
2044-05-01,239.92168977628359,63.928296419876595,11.955020449512862,3.9178221731354688,2.288192604881327,4.137721905452746,14.318997296255938,53.511749207479006,63.06516207180688,127.87236278426741,170.96708126345905,186.75557698817192
2044-06-01,63.928296419876595,11.955020449512862,3.9178221731354688,2.288192604881327,4.137721905452746,14.318997296255938,53.511749207479006,63.06516207180688,127.87236278426741,170.96708126345905,186.75557698817192,243.92343901220005
2044-07-01,11.955020449512862,3.9178221731354688,2.288192604881327,4.137721905452746,14.318997296255938,53.511749207479006,63.06516207180688,127.87236278426741,170.96708126345905,186.75557698817192,243.92343901220005,81.73117631594901
2044-08-01,3.9178221731354688,2.288192604881327,4.137721905452746,14.318997296255938,53.511749207479006,63.06516207180688,127.87236278426741,170.96708126345905,186.75557698817192,243.92343901220005,81.73117631594901,16.817140637109006
2044-09-01,2.288192604881327,4.137721905452746,14.318997296255938,53.511749207479006,63.06516207180688,127.87236278426741,170.96708126345905,186.75557698817192,243.92343901220005,81.73117631594901,16.817140637109006,3.970142236478955
2044-10-01,4.137721905452746,14.318997296255938,53.511749207479006,63.06516207180688,127.87236278426741,170.96708126345905,186.75557698817192,243.92343901220005,81.73117631594901,16.817140637109006,3.970142236478955,2.637907797337825
2044-11-01,14.318997296255938,53.511749207479006,63.06516207180688,127.87236278426741,170.96708126345905,186.75557698817192,243.92343901220005,81.73117631594901,16.817140637109006,3.970142236478955,2.637907797337825,4.3141432288340065
2044-12-01,53.511749207479006,63.06516207180688,127.87236278426741,170.96708126345905,186.75557698817192,243.92343901220005,81.73117631594901,16.817140637109006,3.970142236478955,2.637907797337825,4.3141432288340065,14.459734544045412
2045-01-01,31.85155887847416,172.78984951866104,135.9957575200652,137.7744438577466,247.2948748033779,131.39410410632755,30.491473894114336,4.5371329959401185,3.646557967714892,4.3141432288340065,14.459734544045412,70.4851615939491
2045-02-01,172.78984951866104,135.9957575200652,137.7744438577466,247.2948748033779,131.39410410632755,30.491473894114336,4.5371329959401185,3.646557967714892,4.3141432288340065,14.459734544045412,70.4851615939491,158.25938180541635
2045-03-01,155.97937108771885,165.7636627894182,245.368340065562,103.01528822611124,22.677569175825575,4.213138276248024,3.0701864417851388,4.3141432288340065,14.459734544045412,70.4851615939491,158.25938180541635,165.6494618282618
2045-04-01,186.75557698817192,243.92343901220005,81.73117631594901,16.817140637109006,3.970142236478955,2.637907797337825,4.3141432288340065,14.459734544045412,70.4851615939491,158.25938180541635,165.6494618282618,225.1442673275154
2045-05-01,243.92343901220005,81.73117631594901,16.817140637109006,3.970142236478955,2.637907797337825,4.3141432288340065,14.459734544045412,70.4851615939491,158.25938180541635,165.6494618282618,225.1442673275154,241.68446204675996
2045-06-01,81.73117631594901,16.817140637109006,3.970142236478955,2.637907797337825,4.3141432288340065,14.459734544045412,70.4851615939491,158.25938180541635,165.6494618282618,225.1442673275154,241.68446204675996,325.9431834142087
2045-07-01,16.817140637109006,3.970142236478955,2.637907797337825,4.3141432288340065,14.459734544045412,70.4851615939491,158.25938180541635,165.6494618282618,225.1442673275154,241.68446204675996,325.9431834142087,148.64377613154622
2045-08-01,3.970142236478955,2.637907797337825,4.3141432288340065,14.459734544045412,70.4851615939491,158.25938180541635,165.6494618282618,225.1442673275154,241.68446204675996,325.9431834142087,148.64377613154622,81.31114576504206
2045-09-01,2.637907797337825,4.3141432288340065,14.459734544045412,70.4851615939491,158.25938180541635,165.6494618282618,225.1442673275154,241.68446204675996,325.9431834142087,148.64377613154622,81.31114576504206,12.836908877862859
2045-10-01,4.3141432288340065,14.459734544045412,70.4851615939491,158.25938180541635,165.6494618282618,225.1442673275154,241.68446204675996,325.9431834142087,148.64377613154622,81.31114576504206,12.836908877862859,3.671691112363585
2045-11-01,14.459734544045412,70.4851615939491,158.25938180541635,165.6494618282618,225.1442673275154,241.68446204675996,325.9431834142087,148.64377613154622,81.31114576504206,12.836908877862859,3.671691112363585,8.872896706786491
2045-12-01,70.4851615939491,158.25938180541635,165.6494618282618,225.1442673275154,241.68446204675996,325.9431834142087,148.64377613154622,81.31114576504206,12.836908877862859,3.671691112363585,8.872896706786491,9.709715409499903
2046-01-01,460.2255476797168,342.7867952166358,379.79309480831876,384.9544266213928,616.3837246124167,432.500803276515,320.71449696981307,44.43758288216768,8.298582885330813,8.872896706786491,9.709715409499903,49.35137126633505
2046-02-01,342.7867952166358,379.79309480831876,384.9544266213928,616.3837246124167,432.500803276515,320.71449696981307,44.43758288216768,8.298582885330813,8.872896706786491,9.709715409499903,49.35137126633505,85.32773355061113
2046-03-01,291.4223362478597,303.08587543588834,450.4177010705836,270.2967877651042,183.9125819956582,26.38005487970778,5.65464472934954,8.872896706786491,9.709715409499903,49.35137126633505,85.32773355061113,135.720771723592
2046-04-01,241.68446204675996,325.9431834142087,148.64377613154622,81.31114576504206,12.836908877862859,3.671691112363585,8.872896706786491,9.709715409499903,49.35137126633505,85.32773355061113,135.720771723592,227.0717176247399
2046-05-01,325.9431834142087,148.64377613154622,81.31114576504206,12.836908877862859,3.671691112363585,8.872896706786491,9.709715409499903,49.35137126633505,85.32773355061113,135.720771723592,227.0717176247399,216.7211925824253
2046-06-01,148.64377613154622,81.31114576504206,12.836908877862859,3.671691112363585,8.872896706786491,9.709715409499903,49.35137126633505,85.32773355061113,135.720771723592,227.0717176247399,216.7211925824253,287.3602546727685
2046-07-01,81.31114576504206,12.836908877862859,3.671691112363585,8.872896706786491,9.709715409499903,49.35137126633505,85.32773355061113,135.720771723592,227.0717176247399,216.7211925824253,287.3602546727685,89.11154336760629
2046-08-01,12.836908877862859,3.671691112363585,8.872896706786491,9.709715409499903,49.35137126633505,85.32773355061113,135.720771723592,227.0717176247399,216.7211925824253,287.3602546727685,89.11154336760629,16.702265730757357
2046-09-01,3.671691112363585,8.872896706786491,9.709715409499903,49.35137126633505,85.32773355061113,135.720771723592,227.0717176247399,216.7211925824253,287.3602546727685,89.11154336760629,16.702265730757357,5.527820112227319
2046-10-01,8.872896706786491,9.709715409499903,49.35137126633505,85.32773355061113,135.720771723592,227.0717176247399,216.7211925824253,287.3602546727685,89.11154336760629,16.702265730757357,5.527820112227319,2.780549487071853
2046-11-01,9.709715409499903,49.35137126633505,85.32773355061113,135.720771723592,227.0717176247399,216.7211925824253,287.3602546727685,89.11154336760629,16.702265730757357,5.527820112227319,2.780549487071853,4.4621951070459005
2046-12-01,49.35137126633505,85.32773355061113,135.720771723592,227.0717176247399,216.7211925824253,287.3602546727685,89.11154336760629,16.702265730757357,5.527820112227319,2.780549487071853,4.4621951070459005,13.709908204502833
2047-01-01,132.0331305330933,208.10768974562168,388.46662114582904,272.61971403188676,442.76054527593595,164.60575583878529,29.974536815531927,11.546683436807754,4.288445571518017,4.4621951070459005,13.709908204502833,48.32448589657399
2047-02-01,208.10768974562168,388.46662114582904,272.61971403188676,442.76054527593595,164.60575583878529,29.974536815531927,11.546683436807754,4.288445571518017,4.4621951070459005,13.709908204502833,48.32448589657399,59.02105549067192
2047-03-01,296.24096199092094,240.67770177505162,353.96037921698314,121.46620585525443,22.39038190994646,8.107332965618934,3.426790666120209,4.4621951070459005,13.709908204502833,48.32448589657399,59.02105549067192,94.56440453648246
2047-04-01,216.7211925824253,287.3602546727685,89.11154336760629,16.702265730757357,5.527820112227319,2.780549487071853,4.4621951070459005,13.709908204502833,48.32448589657399,59.02105549067192,94.56440453648246,148.74592285589912
2047-05-01,287.3602546727685,89.11154336760629,16.702265730757357,5.527820112227319,2.780549487071853,4.4621951070459005,13.709908204502833,48.32448589657399,59.02105549067192,94.56440453648246,148.74592285589912,162.12197877820026
2047-06-01,89.11154336760629,16.702265730757357,5.527820112227319,2.780549487071853,4.4621951070459005,13.709908204502833,48.32448589657399,59.02105549067192,94.56440453648246,148.74592285589912,162.12197877820026,196.26040105622954
2047-07-01,16.702265730757357,5.527820112227319,2.780549487071853,4.4621951070459005,13.709908204502833,48.32448589657399,59.02105549067192,94.56440453648246,148.74592285589912,162.12197877820026,196.26040105622954,54.84430072802856
2047-08-01,5.527820112227319,2.780549487071853,4.4621951070459005,13.709908204502833,48.32448589657399,59.02105549067192,94.56440453648246,148.74592285589912,162.12197877820026,196.26040105622954,54.84430072802856,11.079660000167063
2047-09-01,2.780549487071853,4.4621951070459005,13.709908204502833,48.32448589657399,59.02105549067192,94.56440453648246,148.74592285589912,162.12197877820026,196.26040105622954,54.84430072802856,11.079660000167063,3.726675412014001
2047-10-01,4.4621951070459005,13.709908204502833,48.32448589657399,59.02105549067192,94.56440453648246,148.74592285589912,162.12197877820026,196.26040105622954,54.84430072802856,11.079660000167063,3.726675412014001,2.3895636407862475
2047-11-01,13.709908204502833,48.32448589657399,59.02105549067192,94.56440453648246,148.74592285589912,162.12197877820026,196.26040105622954,54.84430072802856,11.079660000167063,3.726675412014001,2.3895636407862475,4.89725588914068
2047-12-01,48.32448589657399,59.02105549067192,94.56440453648246,148.74592285589912,162.12197877820026,196.26040105622954,54.84430072802856,11.079660000167063,3.726675412014001,2.3895636407862475,4.89725588914068,43.58485917911072
2048-01-01,13.653079263366848,22.90403740362879,36.000544686045565,26.923251912874136,32.811204001510575,10.403163960685461,4.672811027875605,3.441532285847825,2.5290092632327945,4.89725588914068,43.58485917911072,65.10805958156337
2048-02-01,22.90403740362879,36.000544686045565,26.923251912874136,32.811204001510575,10.403163960685461,4.672811027875605,3.441532285847825,2.5290092632327945,4.89725588914068,43.58485917911072,65.10805958156337,176.57140369482516
2048-03-01,100.42647506881903,104.17966726448905,126.2107451756357,35.79809925631008,8.333867583470724,3.6044712150856397,2.4493260504061958,4.89725588914068,43.58485917911072,65.10805958156337,176.57140369482516,150.0827398202971
2048-04-01,162.12197877820026,196.26040105622954,54.84430072802856,11.079660000167063,3.726675412014001,2.3895636407862475,4.89725588914068,43.58485917911072,65.10805958156337,176.57140369482516,150.0827398202971,191.1017801269763
2048-05-01,196.26040105622954,54.84430072802856,11.079660000167063,3.726675412014001,2.3895636407862475,4.89725588914068,43.58485917911072,65.10805958156337,176.57140369482516,150.0827398202971,191.1017801269763,233.37790015969912
2048-06-01,54.84430072802856,11.079660000167063,3.726675412014001,2.3895636407862475,4.89725588914068,43.58485917911072,65.10805958156337,176.57140369482516,150.0827398202971,191.1017801269763,233.37790015969912,246.93666724455454
2048-07-01,11.079660000167063,3.726675412014001,2.3895636407862475,4.89725588914068,43.58485917911072,65.10805958156337,176.57140369482516,150.0827398202971,191.1017801269763,233.37790015969912,246.93666724455454,82.3615728565293
2048-08-01,3.726675412014001,2.3895636407862475,4.89725588914068,43.58485917911072,65.10805958156337,176.57140369482516,150.0827398202971,191.1017801269763,233.37790015969912,246.93666724455454,82.3615728565293,19.04798961565718
2048-09-01,2.3895636407862475,4.89725588914068,43.58485917911072,65.10805958156337,176.57140369482516,150.0827398202971,191.1017801269763,233.37790015969912,246.93666724455454,82.3615728565293,19.04798961565718,4.5903587322938435
2048-10-01,4.89725588914068,43.58485917911072,65.10805958156337,176.57140369482516,150.0827398202971,191.1017801269763,233.37790015969912,246.93666724455454,82.3615728565293,19.04798961565718,4.5903587322938435,2.3543679165762104
2048-11-01,43.58485917911072,65.10805958156337,176.57140369482516,150.0827398202971,191.1017801269763,233.37790015969912,246.93666724455454,82.3615728565293,19.04798961565718,4.5903587322938435,2.3543679165762104,4.152750618967562
2048-12-01,65.10805958156337,176.57140369482516,150.0827398202971,191.1017801269763,233.37790015969912,246.93666724455454,82.3615728565293,19.04798961565718,4.5903587322938435,2.3543679165762104,4.152750618967562,11.335091432225815
2049-01-01,542.6296461820564,272.7365461807946,226.60190240589296,347.57489812961904,260.85440184897305,134.23088853893884,40.53029429758112,7.328107227107117,2.3706285042876254,4.152750618967562,11.335091432225815,55.34760952546153
2049-02-01,272.7365461807946,226.60190240589296,347.57489812961904,260.85440184897305,134.23088853893884,40.53029429758112,7.328107227107117,2.3706285042876254,4.152750618967562,11.335091432225815,55.34760952546153,58.68957925771327
2049-03-01,206.31611824651202,282.31947071823623,252.90141064644817,104.59127957756196,28.25469162219601,5.763679515785246,2.3613367398811023,4.152750618967562,11.335091432225815,55.34760952546153,58.68957925771327,116.50130927632242
2049-04-01,233.37790015969912,246.93666724455454,82.3615728565293,19.04798961565718,4.5903587322938435,2.3543679165762104,4.152750618967562,11.335091432225815,55.34760952546153,58.68957925771327,116.50130927632242,174.9718565058724
2049-05-01,246.93666724455454,82.3615728565293,19.04798961565718,4.5903587322938435,2.3543679165762104,4.152750618967562,11.335091432225815,55.34760952546153,58.68957925771327,116.50130927632242,174.9718565058724,186.71945201817448
2049-06-01,82.3615728565293,19.04798961565718,4.5903587322938435,2.3543679165762104,4.152750618967562,11.335091432225815,55.34760952546153,58.68957925771327,116.50130927632242,174.9718565058724,186.71945201817448,219.15485584828343
2049-07-01,19.04798961565718,4.5903587322938435,2.3543679165762104,4.152750618967562,11.335091432225815,55.34760952546153,58.68957925771327,116.50130927632242,174.9718565058724,186.71945201817448,219.15485584828343,63.05308500852609
2049-08-01,4.5903587322938435,2.3543679165762104,4.152750618967562,11.335091432225815,55.34760952546153,58.68957925771327,116.50130927632242,174.9718565058724,186.71945201817448,219.15485584828343,63.05308500852609,11.660185140875223
2049-09-01,2.3543679165762104,4.152750618967562,11.335091432225815,55.34760952546153,58.68957925771327,116.50130927632242,174.9718565058724,186.71945201817448,219.15485584828343,63.05308500852609,11.660185140875223,3.7143149094412684
2049-10-01,4.152750618967562,11.335091432225815,55.34760952546153,58.68957925771327,116.50130927632242,174.9718565058724,186.71945201817448,219.15485584828343,63.05308500852609,11.660185140875223,3.7143149094412684,2.3176762220127864
2049-11-01,11.335091432225815,55.34760952546153,58.68957925771327,116.50130927632242,174.9718565058724,186.71945201817448,219.15485584828343,63.05308500852609,11.660185140875223,3.7143149094412684,2.3176762220127864,4.482112355143911
2049-12-01,55.34760952546153,58.68957925771327,116.50130927632242,174.9718565058724,186.71945201817448,219.15485584828343,63.05308500852609,11.660185140875223,3.7143149094412684,2.3176762220127864,4.482112355143911,14.728333867689683
2050-01-01,12.161436215052916,121.62010873290862,154.0172461109254,137.61188149275813,135.83625056575312,47.34269322292437,7.285174161062323,3.3859100242705287,2.2055158787522195,4.482112355143911,14.728333867689683,49.79442513862041
2050-02-01,121.62010873290862,154.0172461109254,137.61188149275813,135.83625056575312,47.34269322292437,7.285174161062323,3.3859100242705287,2.2055158787522195,4.482112355143911,14.728333867689683,49.79442513862041,64.18973072909311
2050-03-01,165.99130919375227,165.6733503644246,183.44688215577042,56.32005995755392,9.785180435241124,3.5735699586538083,2.2696075034725434,4.482112355143911,14.728333867689683,49.79442513862041,64.18973072909311,115.90965681375792
2050-04-01,186.71945201817448,219.15485584828343,63.05308500852609,11.660185140875223,3.7143149094412684,2.3176762220127864,4.482112355143911,14.728333867689683,49.79442513862041,64.18973072909311,115.90965681375792,185.24258348170227
2050-05-01,219.15485584828343,63.05308500852609,11.660185140875223,3.7143149094412684,2.3176762220127864,4.482112355143911,14.728333867689683,49.79442513862041,64.18973072909311,115.90965681375792,185.24258348170227,232.94658587525043
2050-06-01,63.05308500852609,11.660185140875223,3.7143149094412684,2.3176762220127864,4.482112355143911,14.728333867689683,49.79442513862041,64.18973072909311,115.90965681375792,185.24258348170227,232.94658587525043,226.9424328524274
2050-07-01,11.660185140875223,3.7143149094412684,2.3176762220127864,4.482112355143911,14.728333867689683,49.79442513862041,64.18973072909311,115.90965681375792,185.24258348170227,232.94658587525043,226.9424328524274,63.06915863764636
2050-08-01,3.7143149094412684,2.3176762220127864,4.482112355143911,14.728333867689683,49.79442513862041,64.18973072909311,115.90965681375792,185.24258348170227,232.94658587525043,226.9424328524274,63.06915863764636,12.910188277964622
2050-09-01,2.3176762220127864,4.482112355143911,14.728333867689683,49.79442513862041,64.18973072909311,115.90965681375792,185.24258348170227,232.94658587525043,226.9424328524274,63.06915863764636,12.910188277964622,4.66933470828782
2050-10-01,4.482112355143911,14.728333867689683,49.79442513862041,64.18973072909311,115.90965681375792,185.24258348170227,232.94658587525043,226.9424328524274,63.06915863764636,12.910188277964622,4.66933470828782,5.364175432170396
2050-11-01,14.728333867689683,49.79442513862041,64.18973072909311,115.90965681375792,185.24258348170227,232.94658587525043,226.9424328524274,63.06915863764636,12.910188277964622,4.66933470828782,5.364175432170396,4.284933816375773
2050-12-01,49.79442513862041,64.18973072909311,115.90965681375792,185.24258348170227,232.94658587525043,226.9424328524274,63.06915863764636,12.910188277964622,4.66933470828782,5.364175432170396,4.284933816375773,14.660328475260684
2051-01-01,36.912117836262226,118.95767265136833,200.23551750215975,345.6339838496,170.88034708440094,47.415024553965594,12.910188277964622,7.683499119080008,15.91476232446146,4.284933816375773,14.660328475260684,52.19756012476377
2051-02-01,118.95767265136833,200.23551750215975,345.6339838496,170.88034708440094,47.415024553965594,12.910188277964622,7.683499119080008,15.91476232446146,4.284933816375773,14.660328475260684,52.19756012476377,72.53477503666211
2051-03-01,191.6681266333269,281.2411850071145,202.91582466613033,56.3602440303546,12.910188277964622,5.961119455770186,9.885855528866566,4.284933816375773,14.660328475260684,52.19756012476377,72.53477503666211,133.9406752304443
2051-04-01,232.94658587525043,226.9424328524274,63.06915863764636,12.910188277964622,4.66933470828782,5.364175432170396,4.284933816375773,14.660328475260684,52.19756012476377,72.53477503666211,133.9406752304443,199.63182440336564
2051-05-01,226.9424328524274,63.06915863764636,12.910188277964622,4.66933470828782,5.364175432170396,4.284933816375773,14.660328475260684,52.19756012476377,72.53477503666211,133.9406752304443,199.63182440336564,200.75018645400772
2051-06-01,63.06915863764636,12.910188277964622,4.66933470828782,5.364175432170396,4.284933816375773,14.660328475260684,52.19756012476377,72.53477503666211,133.9406752304443,199.63182440336564,200.75018645400772,277.82544630819655
2051-07-01,12.910188277964622,4.66933470828782,5.364175432170396,4.284933816375773,14.660328475260684,52.19756012476377,72.53477503666211,133.9406752304443,199.63182440336564,200.75018645400772,277.82544630819655,89.03278168502328
2051-08-01,4.66933470828782,5.364175432170396,4.284933816375773,14.660328475260684,52.19756012476377,72.53477503666211,133.9406752304443,199.63182440336564,200.75018645400772,277.82544630819655,89.03278168502328,20.74895398354105
2051-09-01,5.364175432170396,4.284933816375773,14.660328475260684,52.19756012476377,72.53477503666211,133.9406752304443,199.63182440336564,200.75018645400772,277.82544630819655,89.03278168502328,20.74895398354105,4.695422146451438
2051-10-01,4.284933816375773,14.660328475260684,52.19756012476377,72.53477503666211,133.9406752304443,199.63182440336564,200.75018645400772,277.82544630819655,89.03278168502328,20.74895398354105,4.695422146451438,2.604529444262351
2051-11-01,14.660328475260684,52.19756012476377,72.53477503666211,133.9406752304443,199.63182440336564,200.75018645400772,277.82544630819655,89.03278168502328,20.74895398354105,4.695422146451438,2.604529444262351,4.764210604207813
2051-12-01,52.19756012476377,72.53477503666211,133.9406752304443,199.63182440336564,200.75018645400772,277.82544630819655,89.03278168502328,20.74895398354105,4.695422146451438,2.604529444262351,4.764210604207813,69.27381394571894
2052-01-01,74.46481722032269,200.09725552645708,264.98710164964484,200.7501864540077,399.85390763536196,164.2513282671617,48.18463395305854,7.800892590816295,3.4963553788752595,4.764210604207813,69.27381394571894,74.09956277080363
2052-02-01,200.09725552645708,264.98710164964484,200.7501864540077,399.85390763536196,164.2513282671617,48.18463395305854,7.800892590816295,3.4963553788752595,4.764210604207813,69.27381394571894,74.09956277080363,87.94311678078907
2052-03-01,227.64122893748532,200.7501864540077,330.1233583055531,121.26930164879688,32.50710254190568,6.026338051179234,2.9867405590964546,4.764210604207813,69.27381394571894,74.09956277080363,87.94311678078907,108.49386686975677
2052-04-01,200.75018645400772,277.82544630819655,89.03278168502328,20.74895398354105,4.695422146451438,2.604529444262351,4.764210604207813,69.27381394571894,74.09956277080363,87.94311678078907,108.49386686975677,155.75008508634988
2052-05-01,277.82544630819655,89.03278168502328,20.74895398354105,4.695422146451438,2.604529444262351,4.764210604207813,69.27381394571894,74.09956277080363,87.94311678078907,108.49386686975677,155.75008508634988,188.01510086054103
2052-06-01,89.03278168502328,20.74895398354105,4.695422146451438,2.604529444262351,4.764210604207813,69.27381394571894,74.09956277080363,87.94311678078907,108.49386686975677,155.75008508634988,188.01510086054103,216.02384631951398
2052-07-01,20.74895398354105,4.695422146451438,2.604529444262351,4.764210604207813,69.27381394571894,74.09956277080363,87.94311678078907,108.49386686975677,155.75008508634988,188.01510086054103,216.02384631951398,65.59110750313617
2052-08-01,4.695422146451438,2.604529444262351,4.764210604207813,69.27381394571894,74.09956277080363,87.94311678078907,108.49386686975677,155.75008508634988,188.01510086054103,216.02384631951398,65.59110750313617,13.124237496299147
2052-09-01,2.604529444262351,4.764210604207813,69.27381394571894,74.09956277080363,87.94311678078907,108.49386686975677,155.75008508634988,188.01510086054103,216.02384631951398,65.59110750313617,13.124237496299147,3.751422156750455
2052-10-01,4.764210604207813,69.27381394571894,74.09956277080363,87.94311678078907,108.49386686975677,155.75008508634988,188.01510086054103,216.02384631951398,65.59110750313617,13.124237496299147,3.751422156750455,2.615030625990958
2052-11-01,69.27381394571894,74.09956277080363,87.94311678078907,108.49386686975677,155.75008508634988,188.01510086054103,216.02384631951398,65.59110750313617,13.124237496299147,3.751422156750455,2.615030625990958,7.529279471541697
2052-12-01,74.09956277080363,87.94311678078907,108.49386686975677,155.75008508634988,188.01510086054103,216.02384631951398,65.59110750313617,13.124237496299147,3.751422156750455,2.615030625990958,7.529279471541697,9.908880731996549
2053-01-01,143.802355068894,85.58661790336319,67.519274723074,143.44230128340766,121.74670768629048,58.763794448669756,13.873409760469979,3.552892637161869,3.5436106966539924,7.529279471541697,9.908880731996549,47.666672864370156
2053-02-01,85.58661790336319,67.519274723074,143.44230128340766,121.74670768629048,58.763794448669756,13.873409760469979,3.552892637161869,3.5436106966539924,7.529279471541697,9.908880731996549,47.666672864370156,60.53739288316561
2053-03-01,117.93688064494594,168.91247247034102,175.61935833384675,62.66511619407913,13.445311323800931,3.6663380769267753,3.012993513417973,7.529279471541697,9.908880731996549,47.666672864370156,60.53739288316561,95.76028018842642
2053-04-01,188.01510086054103,216.02384631951398,65.59110750313617,13.124237496299147,3.751422156750455,2.615030625990958,7.529279471541697,9.908880731996549,47.666672864370156,60.53739288316561,95.76028018842642,187.27918162095705
2053-05-01,216.02384631951398,65.59110750313617,13.124237496299147,3.751422156750455,2.615030625990958,7.529279471541697,9.908880731996549,47.666672864370156,60.53739288316561,95.76028018842642,187.27918162095705,223.370207934377
2053-06-01,65.59110750313617,13.124237496299147,3.751422156750455,2.615030625990958,7.529279471541697,9.908880731996549,47.666672864370156,60.53739288316561,95.76028018842642,187.27918162095705,223.370207934377,242.9601716432921
2053-07-01,13.124237496299147,3.751422156750455,2.615030625990958,7.529279471541697,9.908880731996549,47.666672864370156,60.53739288316561,95.76028018842642,187.27918162095705,223.370207934377,242.9601716432921,80.9056753539141
2053-08-01,3.751422156750455,2.615030625990958,7.529279471541697,9.908880731996549,47.666672864370156,60.53739288316561,95.76028018842642,187.27918162095705,223.370207934377,242.9601716432921,80.9056753539141,15.381676152257945
2053-09-01,2.615030625990958,7.529279471541697,9.908880731996549,47.666672864370156,60.53739288316561,95.76028018842642,187.27918162095705,223.370207934377,242.9601716432921,80.9056753539141,15.381676152257945,3.8032808158487605
2053-10-01,7.529279471541697,9.908880731996549,47.666672864370156,60.53739288316561,95.76028018842642,187.27918162095705,223.370207934377,242.9601716432921,80.9056753539141,15.381676152257945,3.8032808158487605,2.4463566251863456
2053-11-01,9.908880731996549,47.666672864370156,60.53739288316561,95.76028018842642,187.27918162095705,223.370207934377,242.9601716432921,80.9056753539141,15.381676152257945,3.8032808158487605,2.4463566251863456,5.965130876341036
2053-12-01,47.666672864370156,60.53739288316561,95.76028018842642,187.27918162095705,223.370207934377,242.9601716432921,80.9056753539141,15.381676152257945,3.8032808158487605,2.4463566251863456,5.965130876341036,23.20700638644634
2054-01-01,20.476597529588457,28.285477837376646,209.40020912880624,302.5402831156694,242.96017164329209,127.67934977717043,24.031883712284575,3.7862566031042433,2.784577693033235,5.965130876341036,23.20700638644634,52.90041542908343
2054-02-01,28.285477837376646,209.40020912880624,302.5402831156694,242.96017164329209,127.67934977717043,24.031883712284575,3.7862566031042433,2.784577693033235,5.965130876341036,23.20700638644634,52.90041542908343,66.26223931967847
2054-03-01,196.75962198146385,257.30024015493086,242.96017164329209,100.95153582102395,19.088907963697928,3.7959847246725387,2.5913085114064405,5.965130876341036,23.20700638644634,52.90041542908343,66.26223931967847,98.71547605673972
2054-04-01,223.370207934377,242.9601716432921,80.9056753539141,15.381676152257945,3.8032808158487605,2.4463566251863456,5.965130876341036,23.20700638644634,52.90041542908343,66.26223931967847,98.71547605673972,200.95387451128266
2054-05-01,242.9601716432921,80.9056753539141,15.381676152257945,3.8032808158487605,2.4463566251863456,5.965130876341036,23.20700638644634,52.90041542908343,66.26223931967847,98.71547605673972,200.95387451128266,195.10417962079376
2054-06-01,80.9056753539141,15.381676152257945,3.8032808158487605,2.4463566251863456,5.965130876341036,23.20700638644634,52.90041542908343,66.26223931967847,98.71547605673972,200.95387451128266,195.10417962079376,215.2774230208222
2054-07-01,15.381676152257945,3.8032808158487605,2.4463566251863456,5.965130876341036,23.20700638644634,52.90041542908343,66.26223931967847,98.71547605673972,200.95387451128266,195.10417962079376,215.2774230208222,57.30922554707272
2054-08-01,3.8032808158487605,2.4463566251863456,5.965130876341036,23.20700638644634,52.90041542908343,66.26223931967847,98.71547605673972,200.95387451128266,195.10417962079376,215.2774230208222,57.30922554707272,11.090526408074737
2054-09-01,2.4463566251863456,5.965130876341036,23.20700638644634,52.90041542908343,66.26223931967847,98.71547605673972,200.95387451128266,195.10417962079376,215.2774230208222,57.30922554707272,11.090526408074737,3.6983430443915157
2054-10-01,5.965130876341036,23.20700638644634,52.90041542908343,66.26223931967847,98.71547605673972,200.95387451128266,195.10417962079376,215.2774230208222,57.30922554707272,11.090526408074737,3.6983430443915157,2.2944821347941655
2054-11-01,23.20700638644634,52.90041542908343,66.26223931967847,98.71547605673972,200.95387451128266,195.10417962079376,215.2774230208222,57.30922554707272,11.090526408074737,3.6983430443915157,2.2944821347941655,4.541410852727313
2054-12-01,52.90041542908343,66.26223931967847,98.71547605673972,200.95387451128266,195.10417962079376,215.2774230208222,57.30922554707272,11.090526408074737,3.6983430443915157,2.2944821347941655,4.541410852727313,11.916075523540934
2055-01-01,46.23840649389636,41.58385924478643,270.93632713527154,175.34315570454496,118.3878028421775,21.495325646384217,4.721709863460141,3.3140366315466396,2.101142486268424,4.541410852727313,11.916075523540934,54.24847799184887
2055-02-01,41.58385924478643,270.93632713527154,175.34315570454496,118.3878028421775,21.495325646384217,4.721709863460141,3.3140366315466396,2.101142486268424,4.541410852727313,11.916075523540934,54.24847799184887,63.537726504281515
2055-03-01,230.94635420727792,186.63516937097285,173.75330008711734,41.9604113039205,8.36103360323991,3.533640296029426,2.2116222854259906,4.541410852727313,11.916075523540934,54.24847799184887,63.537726504281515,107.22844634772923
2055-04-01,195.10417962079376,215.2774230208222,57.30922554707272,11.090526408074737,3.6983430443915157,2.2944821347941655,4.541410852727313,11.916075523540934,54.24847799184887,63.537726504281515,107.22844634772923,163.73482054800203
2055-05-01,215.2774230208222,57.30922554707272,11.090526408074737,3.6983430443915157,2.2944821347941655,4.541410852727313,11.916075523540934,54.24847799184887,63.537726504281515,107.22844634772923,163.73482054800203,185.75567444663324
2055-06-01,57.30922554707272,11.090526408074737,3.6983430443915157,2.2944821347941655,4.541410852727313,11.916075523540934,54.24847799184887,63.537726504281515,107.22844634772923,163.73482054800203,185.75567444663324,220.753105596262
2055-07-01,11.090526408074737,3.6983430443915157,2.2944821347941655,4.541410852727313,11.916075523540934,54.24847799184887,63.537726504281515,107.22844634772923,163.73482054800203,185.75567444663324,220.753105596262,61.597945664075944
2055-08-01,3.6983430443915157,2.2944821347941655,4.541410852727313,11.916075523540934,54.24847799184887,63.537726504281515,107.22844634772923,163.73482054800203,185.75567444663324,220.753105596262,61.597945664075944,12.103762055070172
2055-09-01,2.2944821347941655,4.541410852727313,11.916075523540934,54.24847799184887,63.537726504281515,107.22844634772923,163.73482054800203,185.75567444663324,220.753105596262,61.597945664075944,12.103762055070172,3.7261869731524895
2055-10-01,4.541410852727313,11.916075523540934,54.24847799184887,63.537726504281515,107.22844634772923,163.73482054800203,185.75567444663324,220.753105596262,61.597945664075944,12.103762055070172,3.7261869731524895,2.305914718289038
2055-11-01,11.916075523540934,54.24847799184887,63.537726504281515,107.22844634772923,163.73482054800203,185.75567444663324,220.753105596262,61.597945664075944,12.103762055070172,3.7261869731524895,2.305914718289038,4.923718951547836
2055-12-01,54.24847799184887,63.537726504281515,107.22844634772923,163.73482054800203,185.75567444663324,220.753105596262,61.597945664075944,12.103762055070172,3.7261869731524895,2.305914718289038,4.923718951547836,26.3167796861455
2056-01-01,33.97809882461004,79.89222555423929,103.45058430050872,133.27488242082254,143.02837443165657,40.79456617289871,9.281270274939592,3.4393343109710233,2.152589111995351,4.923718951547836,26.3167796861455,129.51295231306452
2056-02-01,79.89222555423929,103.45058430050872,133.27488242082254,143.02837443165657,40.79456617289871,9.281270274939592,3.4393343109710233,2.152589111995351,4.923718951547836,26.3167796861455,129.51295231306452,116.83990106787854
2056-03-01,137.89871929907633,163.2639064355715,187.4425065257168,52.68221159642856,10.894122720728493,3.603250117931861,2.240203744163172,4.923718951547836,26.3167796861455,129.51295231306452,116.83990106787854,124.37264499279203
2056-04-01,185.75567444663324,220.753105596262,61.597945664075944,12.103762055070172,3.7261869731524895,2.305914718289038,4.923718951547836,26.3167796861455,129.51295231306452,116.83990106787854,124.37264499279203,225.4429828287508
2056-05-01,220.753105596262,61.597945664075944,12.103762055070172,3.7261869731524895,2.305914718289038,4.923718951547836,26.3167796861455,129.51295231306452,116.83990106787854,124.37264499279203,225.4429828287508,262.24060368287076
2056-06-01,61.597945664075944,12.103762055070172,3.7261869731524895,2.305914718289038,4.923718951547836,26.3167796861455,129.51295231306452,116.83990106787854,124.37264499279203,225.4429828287508,262.24060368287076,279.77196348659277
2056-07-01,12.103762055070172,3.7261869731524895,2.305914718289038,4.923718951547836,26.3167796861455,129.51295231306452,116.83990106787854,124.37264499279203,225.4429828287508,262.24060368287076,279.77196348659277,94.61001870914507
2056-08-01,3.7261869731524895,2.305914718289038,4.923718951547836,26.3167796861455,129.51295231306452,116.83990106787854,124.37264499279203,225.4429828287508,262.24060368287076,279.77196348659277,94.61001870914507,20.39193762042771
2056-09-01,2.305914718289038,4.923718951547836,26.3167796861455,129.51295231306452,116.83990106787854,124.37264499279203,225.4429828287508,262.24060368287076,279.77196348659277,94.61001870914507,20.39193762042771,5.017754943649662
2056-10-01,4.923718951547836,26.3167796861455,129.51295231306452,116.83990106787854,124.37264499279203,225.4429828287508,262.24060368287076,279.77196348659277,94.61001870914507,20.39193762042771,5.017754943649662,2.553361489489796
2056-11-01,26.3167796861455,129.51295231306452,116.83990106787854,124.37264499279203,225.4429828287508,262.24060368287076,279.77196348659277,94.61001870914507,20.39193762042771,5.017754943649662,2.553361489489796,4.367689510618732
2056-12-01,129.51295231306452,116.83990106787854,124.37264499279203,225.4429828287508,262.24060368287076,279.77196348659277,94.61001870914507,20.39193762042771,5.017754943649662,2.553361489489796,4.367689510618732,9.560333415848119
2057-01-01,273.83788436079664,157.04111945702186,381.1373145638781,477.4570639838912,408.6132349381451,189.3488948757097,46.578060319048525,9.251390178208299,3.2660995823987626,4.367689510618732,9.560333415848119,57.979079737989075
2057-02-01,157.04111945702186,381.1373145638781,477.4570639838912,408.6132349381451,189.3488948757097,46.578060319048525,9.251390178208299,3.2660995823987626,4.367689510618732,9.560333415848119,57.979079737989075,183.68946094748543
2057-03-01,292.1691250009482,354.4762295261652,334.98965125154376,135.21239420910132,31.614561634122346,6.8321700441747915,2.8588206721650673,4.367689510618732,9.560333415848119,57.979079737989075,183.68946094748543,160.54610204657456
2057-04-01,262.24060368287076,279.77196348659277,94.61001870914507,20.39193762042771,5.017754943649662,2.553361489489796,4.367689510618732,9.560333415848119,57.979079737989075,183.68946094748543,160.54610204657456,231.29866849184936
2057-05-01,279.77196348659277,94.61001870914507,20.39193762042771,5.017754943649662,2.553361489489796,4.367689510618732,9.560333415848119,57.979079737989075,183.68946094748543,160.54610204657456,231.29866849184936,212.76817999528024
2057-06-01,94.61001870914507,20.39193762042771,5.017754943649662,2.553361489489796,4.367689510618732,9.560333415848119,57.979079737989075,183.68946094748543,160.54610204657456,231.29866849184936,212.76817999528024,327.99682717030737
2057-07-01,20.39193762042771,5.017754943649662,2.553361489489796,4.367689510618732,9.560333415848119,57.979079737989075,183.68946094748543,160.54610204657456,231.29866849184936,212.76817999528024,327.99682717030737,194.89165153393762
2057-08-01,5.017754943649662,2.553361489489796,4.367689510618732,9.560333415848119,57.979079737989075,183.68946094748543,160.54610204657456,231.29866849184936,212.76817999528024,327.99682717030737,194.89165153393762,45.691230006479145
2057-09-01,2.553361489489796,4.367689510618732,9.560333415848119,57.979079737989075,183.68946094748543,160.54610204657456,231.29866849184936,212.76817999528024,327.99682717030737,194.89165153393762,45.691230006479145,11.020702213758
2057-10-01,4.367689510618732,9.560333415848119,57.979079737989075,183.68946094748543,160.54610204657456,231.29866849184936,212.76817999528024,327.99682717030737,194.89165153393762,45.691230006479145,11.020702213758,3.670407781164429
2057-11-01,9.560333415848119,57.979079737989075,183.68946094748543,160.54610204657456,231.29866849184936,212.76817999528024,327.99682717030737,194.89165153393762,45.691230006479145,11.020702213758,3.670407781164429,4.183466965807469
2057-12-01,57.979079737989075,183.68946094748543,160.54610204657456,231.29866849184936,212.76817999528024,327.99682717030737,194.89165153393762,45.691230006479145,11.020702213758,3.670407781164429,4.183466965807469,9.40665018084335
2058-01-01,574.6609038190277,319.82167619904317,407.48790004782165,254.83115738973402,625.6251215148607,640.6162425872761,160.42487605627994,36.264652893695825,8.292807894934612,4.183466965807469,9.40665018084335,66.45308982592292
2058-02-01,319.82167619904317,407.48790004782165,254.83115738973402,625.6251215148607,640.6162425872761,160.42487605627994,36.264652893695825,8.292807894934612,4.183466965807469,9.40665018084335,66.45308982592292,80.26690736540158
2058-03-01,306.80833915869465,230.79517030718898,455.5518104608302,385.91647627108273,94.86279259925092,21.839538219445636,5.65143640135165,4.183466965807469,9.40665018084335,66.45308982592292,80.26690736540158,154.4279740105195
2058-04-01,212.76817999528024,327.99682717030737,194.89165153393762,45.691230006479145,11.020702213758,3.670407781164429,4.183466965807469,9.40665018084335,66.45308982592292,80.26690736540158,154.4279740105195,181.81377972841136
2058-05-01,327.99682717030737,194.89165153393762,45.691230006479145,11.020702213758,3.670407781164429,4.183466965807469,9.40665018084335,66.45308982592292,80.26690736540158,154.4279740105195,181.81377972841136,213.57611244184028
2058-06-01,194.89165153393762,45.691230006479145,11.020702213758,3.670407781164429,4.183466965807469,9.40665018084335,66.45308982592292,80.26690736540158,154.4279740105195,181.81377972841136,213.57611244184028,283.6572888286281
2058-07-01,45.691230006479145,11.020702213758,3.670407781164429,4.183466965807469,9.40665018084335,66.45308982592292,80.26690736540158,154.4279740105195,181.81377972841136,213.57611244184028,283.6572888286281,73.74082430004222
2058-08-01,11.020702213758,3.670407781164429,4.183466965807469,9.40665018084335,66.45308982592292,80.26690736540158,154.4279740105195,181.81377972841136,213.57611244184028,283.6572888286281,73.74082430004222,15.012908693887555
2058-09-01,3.670407781164429,4.183466965807469,9.40665018084335,66.45308982592292,80.26690736540158,154.4279740105195,181.81377972841136,213.57611244184028,283.6572888286281,73.74082430004222,15.012908693887555,4.182768425495498
2058-10-01,4.183466965807469,9.40665018084335,66.45308982592292,80.26690736540158,154.4279740105195,181.81377972841136,213.57611244184028,283.6572888286281,73.74082430004222,15.012908693887555,4.182768425495498,2.3017914873343717
2058-11-01,9.40665018084335,66.45308982592292,80.26690736540158,154.4279740105195,181.81377972841136,213.57611244184028,283.6572888286281,73.74082430004222,15.012908693887555,4.182768425495498,2.3017914873343717,4.498198626868945
2058-12-01,66.45308982592292,80.26690736540158,154.4279740105195,181.81377972841136,213.57611244184028,283.6572888286281,73.74082430004222,15.012908693887555,4.182768425495498,2.3017914873343717,4.498198626868945,11.0877096134116
2059-01-01,109.2594126996503,292.2901000367956,184.80590061235065,258.4668533992543,426.0971989773042,95.43752003474695,22.372430149617813,5.493950846514562,2.1340345726993513,4.498198626868945,11.0877096134116,62.28073468872882
2059-02-01,292.2901000367956,184.80590061235065,258.4668533992543,426.0971989773042,95.43752003474695,22.372430149617813,5.493950846514562,2.1340345726993513,4.498198626868945,11.0877096134116,62.28073468872882,59.978468669297285
2059-03-01,183.0961172500996,232.81500142358914,344.7029646066321,83.03940818634425,18.16698931777195,4.744703748789382,2.2298956667765055,4.498198626868945,11.0877096134116,62.28073468872882,59.978468669297285,113.98617615986775
2059-04-01,213.57611244184028,283.6572888286281,73.74082430004222,15.012908693887555,4.182768425495498,2.3017914873343717,4.498198626868945,11.0877096134116,62.28073468872882,59.978468669297285,113.98617615986775,180.95888804728585
2059-05-01,283.6572888286281,73.74082430004222,15.012908693887555,4.182768425495498,2.3017914873343717,4.498198626868945,11.0877096134116,62.28073468872882,59.978468669297285,113.98617615986775,180.95888804728585,203.7627616493455
2059-06-01,73.74082430004222,15.012908693887555,4.182768425495498,2.3017914873343717,4.498198626868945,11.0877096134116,62.28073468872882,59.978468669297285,113.98617615986775,180.95888804728585,203.7627616493455,248.65931103014555
2059-07-01,15.012908693887555,4.182768425495498,2.3017914873343717,4.498198626868945,11.0877096134116,62.28073468872882,59.978468669297285,113.98617615986775,180.95888804728585,203.7627616493455,248.65931103014555,71.4397558583573
2059-08-01,4.182768425495498,2.3017914873343717,4.498198626868945,11.0877096134116,62.28073468872882,59.978468669297285,113.98617615986775,180.95888804728585,203.7627616493455,248.65931103014555,71.4397558583573,12.45203304532398
2059-09-01,2.3017914873343717,4.498198626868945,11.0877096134116,62.28073468872882,59.978468669297285,113.98617615986775,180.95888804728585,203.7627616493455,248.65931103014555,71.4397558583573,12.45203304532398,3.805598372778899
2059-10-01,4.498198626868945,11.0877096134116,62.28073468872882,59.978468669297285,113.98617615986775,180.95888804728585,203.7627616493455,248.65931103014555,71.4397558583573,12.45203304532398,3.805598372778899,2.3205502037250216
2059-11-01,11.0877096134116,62.28073468872882,59.978468669297285,113.98617615986775,180.95888804728585,203.7627616493455,248.65931103014555,71.4397558583573,12.45203304532398,3.805598372778899,2.3205502037250216,6.038655286876116
2059-12-01,62.28073468872882,59.978468669297285,113.98617615986775,180.95888804728585,203.7627616493455,248.65931103014555,71.4397558583573,12.45203304532398,3.805598372778899,2.3205502037250216,6.038655286876116,9.89156921541716
2060-01-01,17.961438567181013,110.30200970886258,180.95888804728585,214.30677483302776,268.6062988841326,85.0827120471648,10.848489731081731,3.796685609289866,2.2184487964572783,6.038655286876116,9.89156921541716,47.28857506674253
2060-02-01,110.30200970886258,180.95888804728585,214.30677483302776,268.6062988841326,85.0827120471648,10.848489731081731,3.796685609289866,2.2184487964572783,6.038655286876116,9.89156921541716,47.28857506674253,61.88625987281855
2060-03-01,180.95888804728585,208.28162444235215,257.2080201104257,77.28673708213194,11.764800196363016,3.801778616997885,2.2767924577531318,6.038655286876116,9.89156921541716,47.28857506674253,61.88625987281855,94.37464147655695
2060-04-01,203.7627616493455,248.65931103014555,71.4397558583573,12.45203304532398,3.805598372778899,2.3205502037250216,6.038655286876116,9.89156921541716,47.28857506674253,61.88625987281855,94.37464147655695,159.80544540495757
2060-05-01,248.65931103014555,71.4397558583573,12.45203304532398,3.805598372778899,2.3205502037250216,6.038655286876116,9.89156921541716,47.28857506674253,61.88625987281855,94.37464147655695,159.80544540495757,189.87332599566636
2060-06-01,71.4397558583573,12.45203304532398,3.805598372778899,2.3205502037250216,6.038655286876116,9.89156921541716,47.28857506674253,61.88625987281855,94.37464147655695,159.80544540495757,189.87332599566636,217.88170430689988
2060-07-01,12.45203304532398,3.805598372778899,2.3205502037250216,6.038655286876116,9.89156921541716,47.28857506674253,61.88625987281855,94.37464147655695,159.80544540495757,189.87332599566636,217.88170430689988,62.979469525127854
2060-08-01,3.805598372778899,2.3205502037250216,6.038655286876116,9.89156921541716,47.28857506674253,61.88625987281855,94.37464147655695,159.80544540495757,189.87332599566636,217.88170430689988,62.979469525127854,12.590846153632365
2060-09-01,2.3205502037250216,6.038655286876116,9.89156921541716,47.28857506674253,61.88625987281855,94.37464147655695,159.80544540495757,189.87332599566636,217.88170430689988,62.979469525127854,12.590846153632365,3.9539769521486168
2060-10-01,6.038655286876116,9.89156921541716,47.28857506674253,61.88625987281855,94.37464147655695,159.80544540495757,189.87332599566636,217.88170430689988,62.979469525127854,12.590846153632365,3.9539769521486168,2.3695257446264733
2060-11-01,9.89156921541716,47.28857506674253,61.88625987281855,94.37464147655695,159.80544540495757,189.87332599566636,217.88170430689988,62.979469525127854,12.590846153632365,3.9539769521486168,2.3695257446264733,4.977992167023594
2060-12-01,47.28857506674253,61.88625987281855,94.37464147655695,159.80544540495757,189.87332599566636,217.88170430689988,62.979469525127854,12.590846153632365,3.9539769521486168,2.3695257446264733,4.977992167023594,10.236565288454463
2061-01-01,26.546498983026673,22.050103633963978,85.76839615680862,151.80431439147165,130.1070686295271,47.01142354763231,11.473148718469458,4.464389216453596,2.43883873051381,4.977992167023594,10.236565288454463,70.33385550328694
2061-02-01,22.050103633963978,85.76839615680862,151.80431439147165,130.1070686295271,47.01142354763231,11.473148718469458,4.464389216453596,2.43883873051381,4.977992167023594,10.236565288454463,70.33385550328694,72.33818148202994
2061-03-01,128.07528144146517,173.55803530815433,180.26400330231155,56.13602124905833,12.111832967133974,4.1727250654221795,2.39923131000676,4.977992167023594,10.236565288454463,70.33385550328694,72.33818148202994,134.13576169720915
2061-04-01,189.87332599566636,217.88170430689988,62.979469525127854,12.590846153632365,3.9539769521486168,2.3695257446264733,4.977992167023594,10.236565288454463,70.33385550328694,72.33818148202994,134.13576169720915,202.37492148100583
2061-05-01,217.88170430689988,62.979469525127854,12.590846153632365,3.9539769521486168,2.3695257446264733,4.977992167023594,10.236565288454463,70.33385550328694,72.33818148202994,134.13576169720915,202.37492148100583,199.94272376453895
2061-06-01,62.979469525127854,12.590846153632365,3.9539769521486168,2.3695257446264733,4.977992167023594,10.236565288454463,70.33385550328694,72.33818148202994,134.13576169720915,202.37492148100583,199.94272376453895,264.38265736367816
2061-07-01,12.590846153632365,3.9539769521486168,2.3695257446264733,4.977992167023594,10.236565288454463,70.33385550328694,72.33818148202994,134.13576169720915,202.37492148100583,199.94272376453895,264.38265736367816,105.28176014813116
2061-08-01,3.9539769521486168,2.3695257446264733,4.977992167023594,10.236565288454463,70.33385550328694,72.33818148202994,134.13576169720915,202.37492148100583,199.94272376453895,264.38265736367816,105.28176014813116,20.502713273406606
2061-09-01,2.3695257446264733,4.977992167023594,10.236565288454463,70.33385550328694,72.33818148202994,134.13576169720915,202.37492148100583,199.94272376453895,264.38265736367816,105.28176014813116,20.502713273406606,4.173124467995166
2061-10-01,4.977992167023594,10.236565288454463,70.33385550328694,72.33818148202994,134.13576169720915,202.37492148100583,199.94272376453895,264.38265736367816,105.28176014813116,20.502713273406606,4.173124467995166,2.591075906868991
2061-11-01,10.236565288454463,70.33385550328694,72.33818148202994,134.13576169720915,202.37492148100583,199.94272376453895,264.38265736367816,105.28176014813116,20.502713273406606,4.173124467995166,2.591075906868991,4.226815565640698
2061-12-01,70.33385550328694,72.33818148202994,134.13576169720915,202.37492148100583,199.94272376453895,264.38265736367816,105.28176014813116,20.502713273406606,4.173124467995166,2.591075906868991,4.226815565640698,11.432863558905009
2062-01-01,73.58014622447796,200.97514462689884,277.33103849902574,197.1166043513983,339.3613573850294,237.37173135114716,47.07655075745354,5.450553037763066,3.4358144606051395,4.226815565640698,11.432863558905009,48.788171665189566
2062-02-01,200.97514462689884,277.33103849902574,197.1166043513983,339.3613573850294,237.37173135114716,47.07655075745354,5.450553037763066,3.4358144606051395,4.226815565640698,11.432863558905009,48.788171665189566,69.52774580540375
2062-03-01,234.4989716315858,198.7315297303358,296.51638594425725,161.89174780656657,31.891500766569575,4.720593855038551,2.953106715613054,4.226815565640698,11.432863558905009,48.788171665189566,69.52774580540375,101.45771995322862
2062-04-01,199.94272376453895,264.38265736367816,105.28176014813116,20.502713273406606,4.173124467995166,2.591075906868991,4.226815565640698,11.432863558905009,48.788171665189566,69.52774580540375,101.45771995322862,203.7804379737068
2062-05-01,264.38265736367816,105.28176014813116,20.502713273406606,4.173124467995166,2.591075906868991,4.226815565640698,11.432863558905009,48.788171665189566,69.52774580540375,101.45771995322862,203.7804379737068,209.51256709284831
2062-06-01,105.28176014813116,20.502713273406606,4.173124467995166,2.591075906868991,4.226815565640698,11.432863558905009,48.788171665189566,69.52774580540375,101.45771995322862,203.7804379737068,209.51256709284831,262.65553076928956
2062-07-01,20.502713273406606,4.173124467995166,2.591075906868991,4.226815565640698,11.432863558905009,48.788171665189566,69.52774580540375,101.45771995322862,203.7804379737068,209.51256709284831,262.65553076928956,75.62618849791772
2062-08-01,4.173124467995166,2.591075906868991,4.226815565640698,11.432863558905009,48.788171665189566,69.52774580540375,101.45771995322862,203.7804379737068,209.51256709284831,262.65553076928956,75.62618849791772,16.156274360310867
2062-09-01,2.591075906868991,4.226815565640698,11.432863558905009,48.788171665189566,69.52774580540375,101.45771995322862,203.7804379737068,209.51256709284831,262.65553076928956,75.62618849791772,16.156274360310867,3.823439927088221
2062-10-01,4.226815565640698,11.432863558905009,48.788171665189566,69.52774580540375,101.45771995322862,203.7804379737068,209.51256709284831,262.65553076928956,75.62618849791772,16.156274360310867,3.823439927088221,2.3074611879624345
2062-11-01,11.432863558905009,48.788171665189566,69.52774580540375,101.45771995322862,203.7804379737068,209.51256709284831,262.65553076928956,75.62618849791772,16.156274360310867,3.823439927088221,2.3074611879624345,4.105210194633162
2062-12-01,48.788171665189566,69.52774580540375,101.45771995322862,203.7804379737068,209.51256709284831,262.65553076928956,75.62618849791772,16.156274360310867,3.823439927088221,2.3074611879624345,4.105210194633162,15.243011659620102
2063-01-01,60.93318567966012,53.923956778986536,283.6558627161801,240.18089932879045,331.5892877102806,103.92165892518675,27.517575648522715,3.876972603681814,2.1595482255256346,4.105210194633162,15.243011659620102,48.19738469010986
2063-02-01,53.923956778986536,283.6558627161801,240.18089932879045,331.5892877102806,103.92165892518675,27.517575648522715,3.876972603681814,2.1595482255256346,4.105210194633162,15.243011659620102,48.19738469010986,59.40921809184618
2063-03-01,238.0127628633382,222.65613805110922,292.1985694582857,87.75281868103302,21.025403483830228,3.8463825027711893,2.2440699183466633,4.105210194633162,15.243011659620102,48.19738469010986,59.40921809184618,96.20859340576415
2063-04-01,209.51256709284831,262.65553076928956,75.62618849791772,16.156274360310867,3.823439927088221,2.3074611879624345,4.105210194633162,15.243011659620102,48.19738469010986,59.40921809184618,96.20859340576415,166.17696757295718
2063-05-01,262.65553076928956,75.62618849791772,16.156274360310867,3.823439927088221,2.3074611879624345,4.105210194633162,15.243011659620102,48.19738469010986,59.40921809184618,96.20859340576415,166.17696757295718,190.92115400589574
2063-06-01,75.62618849791772,16.156274360310867,3.823439927088221,2.3074611879624345,4.105210194633162,15.243011659620102,48.19738469010986,59.40921809184618,96.20859340576415,166.17696757295718,190.92115400589574,234.9582422544151
2063-07-01,16.156274360310867,3.823439927088221,2.3074611879624345,4.105210194633162,15.243011659620102,48.19738469010986,59.40921809184618,96.20859340576415,166.17696757295718,190.92115400589574,234.9582422544151,59.144871357872994
2063-08-01,3.823439927088221,2.3074611879624345,4.105210194633162,15.243011659620102,48.19738469010986,59.40921809184618,96.20859340576415,166.17696757295718,190.92115400589574,234.9582422544151,59.144871357872994,11.359256581828033
2063-09-01,2.3074611879624345,4.105210194633162,15.243011659620102,48.19738469010986,59.40921809184618,96.20859340576415,166.17696757295718,190.92115400589574,234.9582422544151,59.144871357872994,11.359256581828033,3.75120244023696
2063-10-01,4.105210194633162,15.243011659620102,48.19738469010986,59.40921809184618,96.20859340576415,166.17696757295718,190.92115400589574,234.9582422544151,59.144871357872994,11.359256581828033,3.75120244023696,2.3209663328693573
2063-11-01,15.243011659620102,48.19738469010986,59.40921809184618,96.20859340576415,166.17696757295718,190.92115400589574,234.9582422544151,59.144871357872994,11.359256581828033,3.75120244023696,2.3209663328693573,4.102340658184857
2063-12-01,48.19738469010986,59.40921809184618,96.20859340576415,166.17696757295718,190.92115400589574,234.9582422544151,59.144871357872994,11.359256581828033,3.75120244023696,2.3209663328693573,4.102340658184857,10.805961236344562
2064-01-01,15.39981096865101,30.30288731539639,114.4402459128068,156.51954043750388,206.9514893933455,29.755731794985444,5.93099564534997,3.55190391285114,2.220321377606787,4.102340658184857,10.805961236344562,72.52194286341918
2064-02-01,30.30288731539639,114.4402459128068,156.51954043750388,206.9514893933455,29.755731794985444,5.93099564534997,3.55190391285114,2.220321377606787,4.102340658184857,10.805961236344562,72.52194286341918,71.98333441275908
2064-03-01,144.00408686146417,176.1776053337278,222.95534817109953,46.54952583092118,9.03285903762315,3.665788785643037,2.27783278061397,4.102340658184857,10.805961236344562,72.52194286341918,71.98333441275908,98.61931060877178
2064-04-01,190.92115400589574,234.9582422544151,59.144871357872994,11.359256581828033,3.75120244023696,2.3209663328693573,4.102340658184857,10.805961236344562,72.52194286341918,71.98333441275908,98.61931060877178,157.7372542555781
2064-05-01,234.9582422544151,59.144871357872994,11.359256581828033,3.75120244023696,2.3209663328693573,4.102340658184857,10.805961236344562,72.52194286341918,71.98333441275908,98.61931060877178,157.7372542555781,183.50184859919523
2064-06-01,59.144871357872994,11.359256581828033,3.75120244023696,2.3209663328693573,4.102340658184857,10.805961236344562,72.52194286341918,71.98333441275908,98.61931060877178,157.7372542555781,183.50184859919523,227.2610535294557
2064-07-01,11.359256581828033,3.75120244023696,2.3209663328693573,4.102340658184857,10.805961236344562,72.52194286341918,71.98333441275908,98.61931060877178,157.7372542555781,183.50184859919523,227.2610535294557,67.54176837584086
2064-08-01,3.75120244023696,2.3209663328693573,4.102340658184857,10.805961236344562,72.52194286341918,71.98333441275908,98.61931060877178,157.7372542555781,183.50184859919523,227.2610535294557,67.54176837584086,12.40395462885759
2064-09-01,2.3209663328693573,4.102340658184857,10.805961236344562,72.52194286341918,71.98333441275908,98.61931060877178,157.7372542555781,183.50184859919523,227.2610535294557,67.54176837584086,12.40395462885759,3.7782144948597796
2064-10-01,4.102340658184857,10.805961236344562,72.52194286341918,71.98333441275908,98.61931060877178,157.7372542555781,183.50184859919523,227.2610535294557,67.54176837584086,12.40395462885759,3.7782144948597796,2.319643300837564
2064-11-01,10.805961236344562,72.52194286341918,71.98333441275908,98.61931060877178,157.7372542555781,183.50184859919523,227.2610535294557,67.54176837584086,12.40395462885759,3.7782144948597796,2.319643300837564,4.180815802805569
2064-12-01,72.52194286341918,71.98333441275908,98.61931060877178,157.7372542555781,183.50184859919523,227.2610535294557,67.54176837584086,12.40395462885759,3.7782144948597796,2.319643300837564,4.180815802805569,15.08036319521473
2065-01-01,71.98333441275908,41.15111472893073,76.46153598460106,123.1326661073515,172.3141401310283,67.54176837584086,10.632136856982981,3.6734581586538275,2.214367733463716,4.180815802805569,15.08036319521473,63.706003655741824
2065-02-01,41.15111472893073,76.46153598460106,123.1326661073515,172.3141401310283,67.54176837584086,10.632136856982981,3.6734581586538275,2.214367733463716,4.180815802805569,15.08036319521473,63.706003655741824,100.44393946488034
2065-03-01,122.90480356801652,157.62934181697648,203.71237635870108,67.54176837584086,11.644604155197044,3.7333189222000858,2.274525200534486,4.180815802805569,15.08036319521473,63.706003655741824,100.44393946488034,146.44231958196394
2065-04-01,183.50184859919523,227.2610535294557,67.54176837584086,12.40395462885759,3.7782144948597796,2.319643300837564,4.180815802805569,15.08036319521473,63.706003655741824,100.44393946488034,146.44231958196394,198.87291478199887
2065-05-01,227.2610535294557,67.54176837584086,12.40395462885759,3.7782144948597796,2.319643300837564,4.180815802805569,15.08036319521473,63.706003655741824,100.44393946488034,146.44231958196394,198.87291478199887,200.90518590833693
2065-06-01,67.54176837584086,12.40395462885759,3.7782144948597796,2.319643300837564,4.180815802805569,15.08036319521473,63.706003655741824,100.44393946488034,146.44231958196394,198.87291478199887,200.90518590833693,252.92366529581662
2065-07-01,12.40395462885759,3.7782144948597796,2.319643300837564,4.180815802805569,15.08036319521473,63.706003655741824,100.44393946488034,146.44231958196394,198.87291478199887,200.90518590833693,252.92366529581662,197.6184648465719
2065-08-01,3.7782144948597796,2.319643300837564,4.180815802805569,15.08036319521473,63.706003655741824,100.44393946488034,146.44231958196394,198.87291478199887,200.90518590833693,252.92366529581662,197.6184648465719,44.91545751062192
2065-09-01,2.319643300837564,4.180815802805569,15.08036319521473,63.706003655741824,100.44393946488034,146.44231958196394,198.87291478199887,200.90518590833693,252.92366529581662,197.6184648465719,44.91545751062192,5.73987258774665
2065-10-01,4.180815802805569,15.08036319521473,63.706003655741824,100.44393946488034,146.44231958196394,198.87291478199887,200.90518590833693,252.92366529581662,197.6184648465719,44.91545751062192,5.73987258774665,2.3215442567462783
2065-11-01,15.08036319521473,63.706003655741824,100.44393946488034,146.44231958196394,198.87291478199887,200.90518590833693,252.92366529581662,197.6184648465719,44.91545751062192,5.73987258774665,2.3215442567462783,4.20177317382898
2065-12-01,63.706003655741824,100.44393946488034,146.44231958196394,198.87291478199887,200.90518590833693,252.92366529581662,197.6184648465719,44.91545751062192,5.73987258774665,2.3215442567462783,4.20177317382898,17.02125910829034
2066-01-01,200.05605714730473,256.35465510829556,261.5720083534944,201.44768399848923,287.7958930796524,652.8869024941305,156.9338998249224,12.500919576644744,2.2229220350529326,4.20177317382898,17.02125910829034,47.93059628763532
2066-02-01,256.35465510829556,261.5720083534944,201.44768399848923,287.7958930796524,652.8869024941305,156.9338998249224,12.500919576644744,2.2229220350529326,4.20177317382898,17.02125910829034,47.93059628763532,62.549956724852244
2066-03-01,225.7439548840684,201.13768508983077,267.8689057746034,392.73350955266847,92.92336135960784,8.63746415441726,2.2792775903062727,4.20177317382898,17.02125910829034,47.93059628763532,62.549956724852244,104.46621337088214
2066-04-01,200.90518590833693,252.92366529581662,197.6184648465719,44.91545751062192,5.73987258774665,2.3215442567462783,4.20177317382898,17.02125910829034,47.93059628763532,62.549956724852244,104.46621337088214,160.92295088915526
2066-05-01,252.92366529581662,197.6184648465719,44.91545751062192,5.73987258774665,2.3215442567462783,4.20177317382898,17.02125910829034,47.93059628763532,62.549956724852244,104.46621337088214,160.92295088915526,195.36641329274323
2066-06-01,197.6184648465719,44.91545751062192,5.73987258774665,2.3215442567462783,4.20177317382898,17.02125910829034,47.93059628763532,62.549956724852244,104.46621337088214,160.92295088915526,195.36641329274323,203.52859507472095
2066-07-01,44.91545751062192,5.73987258774665,2.3215442567462783,4.20177317382898,17.02125910829034,47.93059628763532,62.549956724852244,104.46621337088214,160.92295088915526,195.36641329274323,203.52859507472095,55.65033770001389
2066-08-01,5.73987258774665,2.3215442567462783,4.20177317382898,17.02125910829034,47.93059628763532,62.549956724852244,104.46621337088214,160.92295088915526,195.36641329274323,203.52859507472095,55.65033770001389,11.013937107577316
2066-09-01,2.3215442567462783,4.20177317382898,17.02125910829034,47.93059628763532,62.549956724852244,104.46621337088214,160.92295088915526,195.36641329274323,203.52859507472095,55.65033770001389,11.013937107577316,3.7901765867137374
2066-10-01,4.20177317382898,17.02125910829034,47.93059628763532,62.549956724852244,104.46621337088214,160.92295088915526,195.36641329274323,203.52859507472095,55.65033770001389,11.013937107577316,3.7901765867137374,2.349722034372949
2066-11-01,17.02125910829034,47.93059628763532,62.549956724852244,104.46621337088214,160.92295088915526,195.36641329274323,203.52859507472095,55.65033770001389,11.013937107577316,3.7901765867137374,2.349722034372949,4.297395123811894
2066-12-01,47.93059628763532,62.549956724852244,104.46621337088214,160.92295088915526,195.36641329274323,203.52859507472095,55.65033770001389,11.013937107577316,3.7901765867137374,2.349722034372949,4.297395123811894,9.320165142939787
2067-01-01,29.53313481717831,67.4621771584274,90.79717083569821,176.5232072283175,65.51807708472187,14.030330334619471,4.377058011221747,3.7272875719966385,2.3497220343729484,4.297395123811894,9.320165142939787,52.564083256542176
2067-02-01,67.4621771584274,90.79717083569821,176.5232072283175,65.51807708472187,14.030330334619471,4.377058011221747,3.7272875719966385,2.3497220343729484,4.297395123811894,9.320165142939787,52.564083256542176,58.83690465568096
2067-03-01,130.8690451519594,187.29075355084646,144.3812302218642,37.81319168627342,8.169560351996358,3.7632241518349803,2.3497220343729484,4.297395123811894,9.320165142939787,52.564083256542176,58.83690465568096,95.58144833762282
2067-04-01,195.36641329274323,203.52859507472095,55.65033770001389,11.013937107577316,3.7901765867137374,2.349722034372949,4.297395123811894,9.320165142939787,52.564083256542176,58.83690465568096,95.58144833762282,167.2701826898984
2067-05-01,203.52859507472095,55.65033770001389,11.013937107577316,3.7901765867137374,2.349722034372949,4.297395123811894,9.320165142939787,52.564083256542176,58.83690465568096,95.58144833762282,167.2701826898984,192.97716236939573
2067-06-01,55.65033770001389,11.013937107577316,3.7901765867137374,2.349722034372949,4.297395123811894,9.320165142939787,52.564083256542176,58.83690465568096,95.58144833762282,167.2701826898984,192.97716236939573,211.28286324036455
2067-07-01,11.013937107577316,3.7901765867137374,2.349722034372949,4.297395123811894,9.320165142939787,52.564083256542176,58.83690465568096,95.58144833762282,167.2701826898984,192.97716236939573,211.28286324036455,56.50474976455262
2067-08-01,3.7901765867137374,2.349722034372949,4.297395123811894,9.320165142939787,52.564083256542176,58.83690465568096,95.58144833762282,167.2701826898984,192.97716236939573,211.28286324036455,56.50474976455262,11.083035323227671
2067-09-01,2.349722034372949,4.297395123811894,9.320165142939787,52.564083256542176,58.83690465568096,95.58144833762282,167.2701826898984,192.97716236939573,211.28286324036455,56.50474976455262,11.083035323227671,3.704751587488842
2067-10-01,4.297395123811894,9.320165142939787,52.564083256542176,58.83690465568096,95.58144833762282,167.2701826898984,192.97716236939573,211.28286324036455,56.50474976455262,11.083035323227671,3.704751587488842,2.29721176911415
2067-11-01,9.320165142939787,52.564083256542176,58.83690465568096,95.58144833762282,167.2701826898984,192.97716236939573,211.28286324036455,56.50474976455262,11.083035323227671,3.704751587488842,2.29721176911415,4.772942690073897
2067-12-01,52.564083256542176,58.83690465568096,95.58144833762282,167.2701826898984,192.97716236939573,211.28286324036455,56.50474976455262,11.083035323227671,3.704751587488842,2.29721176911415,4.772942690073897,9.305209552296493
2068-01-01,12.82440050590753,27.480734508760378,119.35971393904234,165.77157807325378,100.41228383011808,17.87518462504375,4.687999981648339,3.3428750754846086,2.1134258407083553,4.772942690073897,9.305209552296493,47.40010191772659
2068-02-01,27.480734508760378,119.35971393904234,165.77157807325378,100.41228383011808,17.87518462504375,4.687999981648339,3.3428750754846086,2.1134258407083553,4.772942690073897,9.305209552296493,47.40010191772659,62.83589720533832
2068-03-01,146.73712465381723,181.31762624247773,163.7669006359732,39.949221847620244,8.342305891122242,3.5496616537727417,2.2184463712259523,4.772942690073897,9.305209552296493,47.40010191772659,62.83589720533832,95.50373518071324
2068-04-01,192.97716236939573,211.28286324036455,56.50474976455262,11.083035323227671,3.704751587488842,2.29721176911415,4.772942690073897,9.305209552296493,47.40010191772659,62.83589720533832,95.50373518071324,158.47326965202907
2068-05-01,211.28286324036455,56.50474976455262,11.083035323227671,3.704751587488842,2.29721176911415,4.772942690073897,9.305209552296493,47.40010191772659,62.83589720533832,95.50373518071324,158.47326965202907,170.2674488594256
2068-06-01,56.50474976455262,11.083035323227671,3.704751587488842,2.29721176911415,4.772942690073897,9.305209552296493,47.40010191772659,62.83589720533832,95.50373518071324,158.47326965202907,170.2674488594256,204.34610456443224
2068-07-01,11.083035323227671,3.704751587488842,2.29721176911415,4.772942690073897,9.305209552296493,47.40010191772659,62.83589720533832,95.50373518071324,158.47326965202907,170.2674488594256,204.34610456443224,55.6594051336209
2068-08-01,3.704751587488842,2.29721176911415,4.772942690073897,9.305209552296493,47.40010191772659,62.83589720533832,95.50373518071324,158.47326965202907,170.2674488594256,204.34610456443224,55.6594051336209,11.155414722051557
2068-09-01,2.29721176911415,4.772942690073897,9.305209552296493,47.40010191772659,62.83589720533832,95.50373518071324,158.47326965202907,170.2674488594256,204.34610456443224,55.6594051336209,11.155414722051557,3.826717308523651
2068-10-01,4.772942690073897,9.305209552296493,47.40010191772659,62.83589720533832,95.50373518071324,158.47326965202907,170.2674488594256,204.34610456443224,55.6594051336209,11.155414722051557,3.826717308523651,2.2961979198580424
2068-11-01,9.305209552296493,47.40010191772659,62.83589720533832,95.50373518071324,158.47326965202907,170.2674488594256,204.34610456443224,55.6594051336209,11.155414722051557,3.826717308523651,2.2961979198580424,4.212746139581035
2068-12-01,47.40010191772659,62.83589720533832,95.50373518071324,158.47326965202907,170.2674488594256,204.34610456443224,55.6594051336209,11.155414722051557,3.826717308523651,2.2961979198580424,4.212746139581035,15.14077457138639
2069-01-01,30.819866979365646,27.13102530266726,79.7736052686304,63.577867278388226,69.19686978842265,14.07113378585103,5.013707276355827,3.8917208201412503,2.108863519055872,4.212746139581035,15.14077457138639,72.89597685337132
2069-02-01,27.13102530266726,79.7736052686304,63.577867278388226,69.19686978842265,14.07113378585103,5.013707276355827,3.8917208201412503,2.108863519055872,4.212746139581035,15.14077457138639,72.89597685337132,119.13715886569987
2069-03-01,124.74484205914393,124.54334246755243,146.4250039461424,37.83586027029096,8.523254388181957,3.854575956359765,2.2159117480856834,4.212746139581035,15.14077457138639,72.89597685337132,119.13715886569987,114.84296161870314
2069-04-01,170.2674488594256,204.34610456443224,55.6594051336209,11.155414722051557,3.826717308523651,2.2961979198580424,4.212746139581035,15.14077457138639,72.89597685337132,119.13715886569987,114.84296161870314,247.81449674175826
2069-05-01,204.34610456443224,55.6594051336209,11.155414722051557,3.826717308523651,2.2961979198580424,4.212746139581035,15.14077457138639,72.89597685337132,119.13715886569987,114.84296161870314,247.81449674175826,225.76896022301997
2069-06-01,55.6594051336209,11.155414722051557,3.826717308523651,2.2961979198580424,4.212746139581035,15.14077457138639,72.89597685337132,119.13715886569987,114.84296161870314,247.81449674175826,225.76896022301997,306.5969713198438
2069-07-01,11.155414722051557,3.826717308523651,2.2961979198580424,4.212746139581035,15.14077457138639,72.89597685337132,119.13715886569987,114.84296161870314,247.81449674175826,225.76896022301997,306.5969713198438,89.7952486391616
2069-08-01,3.826717308523651,2.2961979198580424,4.212746139581035,15.14077457138639,72.89597685337132,119.13715886569987,114.84296161870314,247.81449674175826,225.76896022301997,306.5969713198438,89.7952486391616,19.729613885813677
2069-09-01,2.2961979198580424,4.212746139581035,15.14077457138639,72.89597685337132,119.13715886569987,114.84296161870314,247.81449674175826,225.76896022301997,306.5969713198438,89.7952486391616,19.729613885813677,4.692796868381699
2069-10-01,4.212746139581035,15.14077457138639,72.89597685337132,119.13715886569987,114.84296161870314,247.81449674175826,225.76896022301997,306.5969713198438,89.7952486391616,19.729613885813677,4.692796868381699,2.2951926086741
2069-11-01,15.14077457138639,72.89597685337132,119.13715886569987,114.84296161870314,247.81449674175826,225.76896022301997,306.5969713198438,89.7952486391616,19.729613885813677,4.692796868381699,2.2951926086741,4.138399330847378
2069-12-01,72.89597685337132,119.13715886569987,114.84296161870314,247.81449674175826,225.76896022301997,306.5969713198438,89.7952486391616,19.729613885813677,4.692796868381699,2.2951926086741,4.138399330847378,10.687734512436307
2070-01-01,284.1755444509927,114.15754427362184,481.8091271724117,313.3346684145629,529.3257701877748,167.6824295607841,43.59760351328537,7.789078839502469,2.1043396187281305,4.138399330847378,10.687734512436307,62.60180189350713
2070-02-01,114.15754427362184,481.8091271724117,313.3346684145629,529.3257701877748,167.6824295607841,43.59760351328537,7.789078839502469,2.1043396187281305,4.138399330847378,10.687734512436307,62.60180189350713,68.24920241348653
2070-03-01,348.0979097834669,263.2971208765384,402.0521708346714,123.17546903414267,29.95875229758726,6.0197748560048865,2.2133984701258274,4.138399330847378,10.687734512436307,62.60180189350713,68.24920241348653,132.78681303118833
2070-04-01,225.76896022301997,306.5969713198438,89.7952486391616,19.729613885813677,4.692796868381699,2.2951926086741,4.138399330847378,10.687734512436307,62.60180189350713,68.24920241348653,132.78681303118833,195.46348039338113
2070-05-01,306.5969713198438,89.7952486391616,19.729613885813677,4.692796868381699,2.2951926086741,4.138399330847378,10.687734512436307,62.60180189350713,68.24920241348653,132.78681303118833,195.46348039338113,194.19547565660184
2070-06-01,89.7952486391616,19.729613885813677,4.692796868381699,2.2951926086741,4.138399330847378,10.687734512436307,62.60180189350713,68.24920241348653,132.78681303118833,195.46348039338113,194.19547565660184,281.597522529153
2070-07-01,19.729613885813677,4.692796868381699,2.2951926086741,4.138399330847378,10.687734512436307,62.60180189350713,68.24920241348653,132.78681303118833,195.46348039338113,194.19547565660184,281.597522529153,70.15139037787016
2070-08-01,4.692796868381699,2.2951926086741,4.138399330847378,10.687734512436307,62.60180189350713,68.24920241348653,132.78681303118833,195.46348039338113,194.19547565660184,281.597522529153,70.15139037787016,13.45696489305624
2070-09-01,2.2951926086741,4.138399330847378,10.687734512436307,62.60180189350713,68.24920241348653,132.78681303118833,195.46348039338113,194.19547565660184,281.597522529153,70.15139037787016,13.45696489305624,3.9365933689924604
2070-10-01,4.138399330847378,10.687734512436307,62.60180189350713,68.24920241348653,132.78681303118833,195.46348039338113,194.19547565660184,281.597522529153,70.15139037787016,13.45696489305624,3.9365933689924604,2.584243403846515
2070-11-01,10.687734512436307,62.60180189350713,68.24920241348653,132.78681303118833,195.46348039338113,194.19547565660184,281.597522529153,70.15139037787016,13.45696489305624,3.9365933689924604,2.584243403846515,4.134956754147517
2070-12-01,62.60180189350713,68.24920241348653,132.78681303118833,195.46348039338113,194.19547565660184,281.597522529153,70.15139037787016,13.45696489305624,3.9365933689924604,2.584243403846515,4.134956754147517,10.344863329822077
2071-01-01,55.17974041603262,194.90487562980525,246.2295536047146,171.25398786568135,416.8282506296661,79.28506738497266,15.370683045876897,4.386163092250892,3.4050681970039975,4.134956754147517,10.344863329822077,50.77545448148997
2071-02-01,194.90487562980525,246.2295536047146,171.25398786568135,416.8282506296661,79.28506738497266,15.370683045876897,4.386163092250892,3.4050681970039975,4.134956754147517,10.344863329822077,50.77545448148997,94.35296674305556
2071-03-01,217.22036891252404,184.36340946049307,339.5535488579443,74.06582338091408,14.277129815693662,4.129266107531787,2.9360254580568643,4.134956754147517,10.344863329822077,50.77545448148997,94.35296674305556,115.03879514586922
2071-04-01,194.19547565660184,281.597522529153,70.15139037787016,13.45696489305624,3.9365933689924604,2.584243403846515,4.134956754147517,10.344863329822077,50.77545448148997,94.35296674305556,115.03879514586922,172.87030234360927
2071-05-01,281.597522529153,70.15139037787016,13.45696489305624,3.9365933689924604,2.584243403846515,4.134956754147517,10.344863329822077,50.77545448148997,94.35296674305556,115.03879514586922,172.87030234360927,215.22878392392792
2071-06-01,70.15139037787016,13.45696489305624,3.9365933689924604,2.584243403846515,4.134956754147517,10.344863329822077,50.77545448148997,94.35296674305556,115.03879514586922,172.87030234360927,215.22878392392792,229.26177658132215
2071-07-01,13.45696489305624,3.9365933689924604,2.584243403846515,4.134956754147517,10.344863329822077,50.77545448148997,94.35296674305556,115.03879514586922,172.87030234360927,215.22878392392792,229.26177658132215,66.00598333990052
2071-08-01,3.9365933689924604,2.584243403846515,4.134956754147517,10.344863329822077,50.77545448148997,94.35296674305556,115.03879514586922,172.87030234360927,215.22878392392792,229.26177658132215,66.00598333990052,12.78562506601872
2071-09-01,2.584243403846515,4.134956754147517,10.344863329822077,50.77545448148997,94.35296674305556,115.03879514586922,172.87030234360927,215.22878392392792,229.26177658132215,66.00598333990052,12.78562506601872,3.9745704752055757
2071-10-01,4.134956754147517,10.344863329822077,50.77545448148997,94.35296674305556,115.03879514586922,172.87030234360927,215.22878392392792,229.26177658132215,66.00598333990052,12.78562506601872,3.9745704752055757,2.2889571753983016
2071-11-01,10.344863329822077,50.77545448148997,94.35296674305556,115.03879514586922,172.87030234360927,215.22878392392792,229.26177658132215,66.00598333990052,12.78562506601872,3.9745704752055757,2.2889571753983016,6.002996400419262
2071-12-01,50.77545448148997,94.35296674305556,115.03879514586922,172.87030234360927,215.22878392392792,229.26177658132215,66.00598333990052,12.78562506601872,3.9745704752055757,2.2889571753983016,6.002996400419262,10.137323363184098
2072-01-01,172.64667989909324,115.03879514586922,144.56025238074122,265.9038750686486,181.31739386442726,60.630735714109306,12.349653824208067,4.557060070209911,2.0762801689870365,6.002996400419262,10.137323363184098,63.13535863708975
2072-02-01,115.03879514586922,144.56025238074122,265.9038750686486,181.31739386442726,60.630735714109306,12.349653824208067,4.557060070209911,2.0762801689870365,6.002996400419262,10.137323363184098,63.13535863708975,84.29282992265647
2072-03-01,160.7374237880944,236.9466801288082,208.71418398836718,63.70230578599,12.59878024809987,4.224208873064576,2.1978098869363305,6.002996400419262,10.137323363184098,63.13535863708975,84.29282992265647,133.70828825483503
2072-04-01,215.22878392392792,229.26177658132215,66.00598333990052,12.78562506601872,3.9745704752055757,2.2889571753983016,6.002996400419262,10.137323363184098,63.13535863708975,84.29282992265647,133.70828825483503,182.24094140635648
2072-05-01,229.26177658132215,66.00598333990052,12.78562506601872,3.9745704752055757,2.2889571753983016,6.002996400419262,10.137323363184098,63.13535863708975,84.29282992265647,133.70828825483503,182.24094140635648,198.76925560163133
2072-06-01,66.00598333990052,12.78562506601872,3.9745704752055757,2.2889571753983016,6.002996400419262,10.137323363184098,63.13535863708975,84.29282992265647,133.70828825483503,182.24094140635648,198.76925560163133,259.4275531668334
2072-07-01,12.78562506601872,3.9745704752055757,2.2889571753983016,6.002996400419262,10.137323363184098,63.13535863708975,84.29282992265647,133.70828825483503,182.24094140635648,198.76925560163133,259.4275531668334,76.5169669614299
2072-08-01,3.9745704752055757,2.2889571753983016,6.002996400419262,10.137323363184098,63.13535863708975,84.29282992265647,133.70828825483503,182.24094140635648,198.76925560163133,259.4275531668334,76.5169669614299,12.527062218168876
2072-09-01,2.2889571753983016,6.002996400419262,10.137323363184098,63.13535863708975,84.29282992265647,133.70828825483503,182.24094140635648,198.76925560163133,259.4275531668334,76.5169669614299,12.527062218168876,3.7530357023053966
2072-10-01,6.002996400419262,10.137323363184098,63.13535863708975,84.29282992265647,133.70828825483503,182.24094140635648,198.76925560163133,259.4275531668334,76.5169669614299,12.527062218168876,3.7530357023053966,2.2873965553297566
2072-11-01,10.137323363184098,63.13535863708975,84.29282992265647,133.70828825483503,182.24094140635648,198.76925560163133,259.4275531668334,76.5169669614299,12.527062218168876,3.7530357023053966,2.2873965553297566,5.500064967146529
2072-12-01,63.13535863708975,84.29282992265647,133.70828825483503,182.24094140635648,198.76925560163133,259.4275531668334,76.5169669614299,12.527062218168876,3.7530357023053966,2.2873965553297566,5.500064967146529,9.846568472029253
2073-01-01,127.37606420729733,199.05151413621533,186.72812816310375,191.83599761831402,317.0633884992278,107.9301620109915,11.186121008883763,3.560153592159104,2.069257378678585,5.500064967146529,9.846568472029253,53.217212315632565
2073-02-01,199.05151413621533,186.72812816310375,191.83599761831402,317.0633884992278,107.9301620109915,11.186121008883763,3.560153592159104,2.069257378678585,5.500064967146529,9.846568472029253,53.217212315632565,110.70332714305226
2073-03-01,184.16402144496246,195.79785932306675,284.12862545214523,89.97976483981344,11.952373128475255,3.670371940814128,2.1939083367649683,5.500064967146529,9.846568472029253,53.217212315632565,110.70332714305226,124.15790292616086
2073-04-01,198.76925560163133,259.4275531668334,76.5169669614299,12.527062218168876,3.7530357023053966,2.2873965553297566,5.500064967146529,9.846568472029253,53.217212315632565,110.70332714305226,124.15790292616086,167.65363856210814
2073-05-01,259.4275531668334,76.5169669614299,12.527062218168876,3.7530357023053966,2.2873965553297566,5.500064967146529,9.846568472029253,53.217212315632565,110.70332714305226,124.15790292616086,167.65363856210814,208.79057122616487
2073-06-01,76.5169669614299,12.527062218168876,3.7530357023053966,2.2873965553297566,5.500064967146529,9.846568472029253,53.217212315632565,110.70332714305226,124.15790292616086,167.65363856210814,208.79057122616487,247.5668705338142
2073-07-01,12.527062218168876,3.7530357023053966,2.2873965553297566,5.500064967146529,9.846568472029253,53.217212315632565,110.70332714305226,124.15790292616086,167.65363856210814,208.79057122616487,247.5668705338142,64.52037479594128
2073-08-01,3.7530357023053966,2.2873965553297566,5.500064967146529,9.846568472029253,53.217212315632565,110.70332714305226,124.15790292616086,167.65363856210814,208.79057122616487,247.5668705338142,64.52037479594128,13.327220150165989
2073-09-01,2.2873965553297566,5.500064967146529,9.846568472029253,53.217212315632565,110.70332714305226,124.15790292616086,167.65363856210814,208.79057122616487,247.5668705338142,64.52037479594128,13.327220150165989,3.750008033122313
2073-10-01,5.500064967146529,9.846568472029253,53.217212315632565,110.70332714305226,124.15790292616086,167.65363856210814,208.79057122616487,247.5668705338142,64.52037479594128,13.327220150165989,3.750008033122313,2.3007545755828076
2073-11-01,9.846568472029253,53.217212315632565,110.70332714305226,124.15790292616086,167.65363856210814,208.79057122616487,247.5668705338142,64.52037479594128,13.327220150165989,3.750008033122313,2.3007545755828076,4.058898347743974
2073-12-01,53.217212315632565,110.70332714305226,124.15790292616086,167.65363856210814,208.79057122616487,247.5668705338142,64.52037479594128,13.327220150165989,3.750008033122313,2.3007545755828076,4.058898347743974,11.915843960662704
2074-01-01,246.2233016990784,156.07478015718164,121.0852653639862,236.93191792871497,263.69031665064153,53.94549726629275,14.786831702870765,3.5465290808352297,2.129368469817313,4.058898347743974,11.915843960662704,78.07000021109758
2074-02-01,156.07478015718164,121.0852653639862,236.93191792871497,263.69031665064153,53.94549726629275,14.786831702870765,3.5465290808352297,2.129368469817313,4.058898347743974,11.915843960662704,78.07000021109758,103.05243280169776
2074-03-01,147.69576433434162,220.85114838440063,254.47691886959734,59.98828442609191,13.952767958468035,3.6628027678564203,2.2273033873975954,4.058898347743974,11.915843960662704,78.07000021109758,103.05243280169776,134.02384866619946
2074-04-01,208.79057122616487,247.5668705338142,64.52037479594128,13.327220150165989,3.750008033122313,2.3007545755828076,4.058898347743974,11.915843960662704,78.07000021109758,103.05243280169776,134.02384866619946,163.61201395990298
2074-05-01,247.5668705338142,64.52037479594128,13.327220150165989,3.750008033122313,2.3007545755828076,4.058898347743974,11.915843960662704,78.07000021109758,103.05243280169776,134.02384866619946,163.61201395990298,204.41366015927875
2074-06-01,64.52037479594128,13.327220150165989,3.750008033122313,2.3007545755828076,4.058898347743974,11.915843960662704,78.07000021109758,103.05243280169776,134.02384866619946,163.61201395990298,204.41366015927875,274.04039541158926
2074-07-01,13.327220150165989,3.750008033122313,2.3007545755828076,4.058898347743974,11.915843960662704,78.07000021109758,103.05243280169776,134.02384866619946,163.61201395990298,204.41366015927875,274.04039541158926,71.09391388239221
2074-08-01,3.750008033122313,2.3007545755828076,4.058898347743974,11.915843960662704,78.07000021109758,103.05243280169776,134.02384866619946,163.61201395990298,204.41366015927875,274.04039541158926,71.09391388239221,12.422586669138525
2074-09-01,2.3007545755828076,4.058898347743974,11.915843960662704,78.07000021109758,103.05243280169776,134.02384866619946,163.61201395990298,204.41366015927875,274.04039541158926,71.09391388239221,12.422586669138525,3.7121352948424535
2074-10-01,4.058898347743974,11.915843960662704,78.07000021109758,103.05243280169776,134.02384866619946,163.61201395990298,204.41366015927875,274.04039541158926,71.09391388239221,12.422586669138525,3.7121352948424535,2.4522823558707687
2074-11-01,11.915843960662704,78.07000021109758,103.05243280169776,134.02384866619946,163.61201395990298,204.41366015927875,274.04039541158926,71.09391388239221,12.422586669138525,3.7121352948424535,2.4522823558707687,4.545308192630622
2074-12-01,78.07000021109758,103.05243280169776,134.02384866619946,163.61201395990298,204.41366015927875,274.04039541158926,71.09391388239221,12.422586669138525,3.7121352948424535,2.4522823558707687,4.545308192630622,10.17299651409895
2075-01-01,211.79427716298312,200.4715359873553,102.89795465406297,217.23581812772738,382.82117860062925,83.52642315532195,10.715981038247179,3.3761017585758615,2.811243481113138,4.545308192630622,10.17299651409895,47.15428023519763
2075-02-01,200.4715359873553,102.89795465406297,217.23581812772738,382.82117860062925,83.52642315532195,10.715981038247179,3.3761017585758615,2.811243481113138,4.545308192630622,10.17299651409895,47.15428023519763,61.26907992849951
2075-03-01,137.59170282882872,209.9088707171853,320.66073106403496,76.42213214221924,11.691184255899376,3.568120922156771,2.606122838117498,4.545308192630622,10.17299651409895,47.15428023519763,61.26907992849951,101.78764776252346
2075-04-01,204.41366015927875,274.04039541158926,71.09391388239221,12.422586669138525,3.7121352948424535,2.4522823558707687,4.545308192630622,10.17299651409895,47.15428023519763,61.26907992849951,101.78764776252346,153.9454279033062
2075-05-01,274.04039541158926,71.09391388239221,12.422586669138525,3.7121352948424535,2.4522823558707687,4.545308192630622,10.17299651409895,47.15428023519763,61.26907992849951,101.78764776252346,153.9454279033062,170.29309431198593
2075-06-01,71.09391388239221,12.422586669138525,3.7121352948424535,2.4522823558707687,4.545308192630622,10.17299651409895,47.15428023519763,61.26907992849951,101.78764776252346,153.9454279033062,170.29309431198593,204.61030121809145
2075-07-01,12.422586669138525,3.7121352948424535,2.4522823558707687,4.545308192630622,10.17299651409895,47.15428023519763,61.26907992849951,101.78764776252346,153.9454279033062,170.29309431198593,204.61030121809145,56.03662456326086
2075-08-01,3.7121352948424535,2.4522823558707687,4.545308192630622,10.17299651409895,47.15428023519763,61.26907992849951,101.78764776252346,153.9454279033062,170.29309431198593,204.61030121809145,56.03662456326086,11.69036946332275
2075-09-01,2.4522823558707687,4.545308192630622,10.17299651409895,47.15428023519763,61.26907992849951,101.78764776252346,153.9454279033062,170.29309431198593,204.61030121809145,56.03662456326086,11.69036946332275,3.91850754912784
2075-10-01,4.545308192630622,10.17299651409895,47.15428023519763,61.26907992849951,101.78764776252346,153.9454279033062,170.29309431198593,204.61030121809145,56.03662456326086,11.69036946332275,3.91850754912784,4.659769568001253
2075-11-01,10.17299651409895,47.15428023519763,61.26907992849951,101.78764776252346,153.9454279033062,170.29309431198593,204.61030121809145,56.03662456326086,11.69036946332275,3.91850754912784,4.659769568001253,13.809154590403743
2075-12-01,47.15428023519763,61.26907992849951,101.78764776252346,153.9454279033062,170.29309431198593,204.61030121809145,56.03662456326086,11.69036946332275,3.91850754912784,4.659769568001253,13.809154590403743,16.555311511518802
2076-01-01,23.769189233590996,55.408631920813335,59.39831739937745,63.69327181490971,70.38575472988913,15.768621219230809,7.4210036120761895,4.304776902860101,12.744935935700317,13.809154590403743,16.555311511518802,58.08112294336673
2076-02-01,55.408631920813335,59.39831739937745,63.69327181490971,70.38575472988913,15.768621219230809,7.4210036120761895,4.304776902860101,12.744935935700317,13.809154590403743,16.555311511518802,58.08112294336673,242.76017264166705
2076-03-01,113.42523768733673,124.60745609895325,147.08549558029046,38.778908844390834,9.860641241359938,4.084051557870238,8.124840868443709,13.809154590403743,16.555311511518802,58.08112294336673,242.76017264166705,179.607249567876
2076-04-01,170.29309431198593,204.61030121809145,56.03662456326086,11.69036946332275,3.91850754912784,4.659769568001253,13.809154590403743,16.555311511518802,58.08112294336673,242.76017264166705,179.607249567876,209.93133471932515
2076-05-01,204.61030121809145,56.03662456326086,11.69036946332275,3.91850754912784,4.659769568001253,13.809154590403743,16.555311511518802,58.08112294336673,242.76017264166705,179.607249567876,209.93133471932515,216.47346747467702
2076-06-01,56.03662456326086,11.69036946332275,3.91850754912784,4.659769568001253,13.809154590403743,16.555311511518802,58.08112294336673,242.76017264166705,179.607249567876,209.93133471932515,216.47346747467702,232.8483720501041
2076-07-01,11.69036946332275,3.91850754912784,4.659769568001253,13.809154590403743,16.555311511518802,58.08112294336673,242.76017264166705,179.607249567876,209.93133471932515,216.47346747467702,232.8483720501041,65.64291455914872
2076-08-01,3.91850754912784,4.659769568001253,13.809154590403743,16.555311511518802,58.08112294336673,242.76017264166705,179.607249567876,209.93133471932515,216.47346747467702,232.8483720501041,65.64291455914872,14.45122897168881
2076-09-01,4.659769568001253,13.809154590403743,16.555311511518802,58.08112294336673,242.76017264166705,179.607249567876,209.93133471932515,216.47346747467702,232.8483720501041,65.64291455914872,14.45122897168881,3.8081448766329085
2076-10-01,13.809154590403743,16.555311511518802,58.08112294336673,242.76017264166705,179.607249567876,209.93133471932515,216.47346747467702,232.8483720501041,65.64291455914872,14.45122897168881,3.8081448766329085,2.477820565798511
2076-11-01,16.555311511518802,58.08112294336673,242.76017264166705,179.607249567876,209.93133471932515,216.47346747467702,232.8483720501041,65.64291455914872,14.45122897168881,3.8081448766329085,2.477820565798511,4.054121296206836
2076-12-01,58.08112294336673,242.76017264166705,179.607249567876,209.93133471932515,216.47346747467702,232.8483720501041,65.64291455914872,14.45122897168881,3.8081448766329085,2.477820565798511,4.054121296206836,9.334858732767787
2077-01-01,840.4791064428448,405.5968400448998,311.3348980714628,271.5049510470195,197.45707347394605,58.99692620072624,19.844871399723466,3.808144876632908,2.9261654257879806,4.054121296206836,9.334858732767787,60.057400533353686
2077-02-01,405.5968400448998,311.3348980714628,271.5049510470195,197.45707347394605,58.99692620072624,19.844871399723466,3.808144876632908,2.9261654257879806,4.054121296206836,9.334858732767787,60.057400533353686,105.54574451457462
2077-03-01,253.39000472738417,240.05838900568094,217.68067266032205,62.79463383411051,16.76279001227509,3.808144876632908,2.6699683629368547,4.054121296206836,9.334858732767787,60.057400533353686,105.54574451457462,139.59736679392108
2077-04-01,216.47346747467702,232.8483720501041,65.64291455914872,14.45122897168881,3.8081448766329085,2.477820565798511,4.054121296206836,9.334858732767787,60.057400533353686,105.54574451457462,139.59736679392108,173.4819652510352
2077-05-01,232.8483720501041,65.64291455914872,14.45122897168881,3.8081448766329085,2.477820565798511,4.054121296206836,9.334858732767787,60.057400533353686,105.54574451457462,139.59736679392108,173.4819652510352,230.31756083837973
2077-06-01,65.64291455914872,14.45122897168881,3.8081448766329085,2.477820565798511,4.054121296206836,9.334858732767787,60.057400533353686,105.54574451457462,139.59736679392108,173.4819652510352,230.31756083837973,271.4282335228489
2077-07-01,14.45122897168881,3.8081448766329085,2.477820565798511,4.054121296206836,9.334858732767787,60.057400533353686,105.54574451457462,139.59736679392108,173.4819652510352,230.31756083837973,271.4282335228489,77.50885134849082
2077-08-01,3.8081448766329085,2.477820565798511,4.054121296206836,9.334858732767787,60.057400533353686,105.54574451457462,139.59736679392108,173.4819652510352,230.31756083837973,271.4282335228489,77.50885134849082,14.260350783171111
2077-09-01,2.477820565798511,4.054121296206836,9.334858732767787,60.057400533353686,105.54574451457462,139.59736679392108,173.4819652510352,230.31756083837973,271.4282335228489,77.50885134849082,14.260350783171111,3.757741067154289
2077-10-01,4.054121296206836,9.334858732767787,60.057400533353686,105.54574451457462,139.59736679392108,173.4819652510352,230.31756083837973,271.4282335228489,77.50885134849082,14.260350783171111,3.757741067154289,2.418186324148681
2077-11-01,9.334858732767787,60.057400533353686,105.54574451457462,139.59736679392108,173.4819652510352,230.31756083837973,271.4282335228489,77.50885134849082,14.260350783171111,3.757741067154289,2.418186324148681,4.465592523794833
2077-12-01,60.057400533353686,105.54574451457462,139.59736679392108,173.4819652510352,230.31756083837973,271.4282335228489,77.50885134849082,14.260350783171111,3.757741067154289,2.418186324148681,4.465592523794833,10.549545082768194
2078-01-01,223.01417987092898,225.55236756210266,147.31273546415792,333.80337118368175,371.06645010129773,112.39364175276566,18.98591955139382,3.5813277339791214,2.6578113383637447,4.465592523794833,10.549545082768194,69.95639332180434
2078-02-01,225.55236756210266,147.31273546415792,333.80337118368175,371.06645010129773,112.39364175276566,18.98591955139382,3.5813277339791214,2.6578113383637447,4.465592523794833,10.549545082768194,69.95639332180434,59.383845640579615
2078-03-01,162.26658105665922,274.6686224149377,314.1303263421841,92.45947580746575,16.285594540980842,3.68213535293636,2.5208827588122795,4.465592523794833,10.549545082768194,69.95639332180434,59.383845640579615,95.28553019365366
2078-04-01,230.31756083837973,271.4282335228489,77.50885134849082,14.260350783171111,3.757741067154289,2.418186324148681,4.465592523794833,10.549545082768194,69.95639332180434,59.383845640579615,95.28553019365366,218.05556965836837
2078-05-01,271.4282335228489,77.50885134849082,14.260350783171111,3.757741067154289,2.418186324148681,4.465592523794833,10.549545082768194,69.95639332180434,59.383845640579615,95.28553019365366,218.05556965836837,261.50763306389734
2078-06-01,77.50885134849082,14.260350783171111,3.757741067154289,2.418186324148681,4.465592523794833,10.549545082768194,69.95639332180434,59.383845640579615,95.28553019365366,218.05556965836837,261.50763306389734,269.72183270475296
2078-07-01,14.260350783171111,3.757741067154289,2.418186324148681,4.465592523794833,10.549545082768194,69.95639332180434,59.383845640579615,95.28553019365366,218.05556965836837,261.50763306389734,269.72183270475296,98.19832417645753
2078-08-01,3.757741067154289,2.418186324148681,4.465592523794833,10.549545082768194,69.95639332180434,59.383845640579615,95.28553019365366,218.05556965836837,261.50763306389734,269.72183270475296,98.19832417645753,18.655271509162326
2078-09-01,2.418186324148681,4.465592523794833,10.549545082768194,69.95639332180434,59.383845640579615,95.28553019365366,218.05556965836837,261.50763306389734,269.72183270475296,98.19832417645753,18.655271509162326,4.364207751981357
2078-10-01,4.465592523794833,10.549545082768194,69.95639332180434,59.383845640579615,95.28553019365366,218.05556965836837,261.50763306389734,269.72183270475296,98.19832417645753,18.655271509162326,4.364207751981357,2.30157714651984
2078-11-01,10.549545082768194,69.95639332180434,59.383845640579615,95.28553019365366,218.05556965836837,261.50763306389734,269.72183270475296,98.19832417645753,18.655271509162326,4.364207751981357,2.30157714651984,4.676872981519795
2078-12-01,69.95639332180434,59.383845640579615,95.28553019365366,218.05556965836837,261.50763306389734,269.72183270475296,98.19832417645753,18.655271509162326,4.364207751981357,2.30157714651984,4.676872981519795,10.409342845535035
2079-01-01,15.285634937951476,26.14910286089919,348.32140113771993,474.23619592567564,365.375894220497,206.80108047963049,38.87008742752155,6.318075340928581,2.118981150220623,4.676872981519795,9.282349337266877,73.39606429061112
2079-02-01,26.14910286089919,348.32140113771993,474.23619592567564,365.375894220497,206.80108047963049,38.87008742752155,6.318075340928581,2.118981150220623,4.676872981519795,9.282349337266877,73.39606429061112,69.69001223660875
2079-03-01,275.8378212778059,353.0313016145548,319.80556330010023,150.70721288245574,27.808019401795185,5.23653969114231,2.1589153706735003,4.676872981519795,9.282349337266877,73.39606429061112,69.69001223660875,110.37062221389114
2079-04-01,262.1276308812142,285.62781510980267,108.63681218457468,19.51146838250042,4.425387953802606,2.1888660360131587,4.676872981519795,9.282349337266877,73.39606429061112,69.69001223660875,110.37062221389114,187.54415955683393
2079-05-01,285.62781510980267,108.63681218457468,19.51146838250042,4.425387953802606,2.1888660360131587,4.676872981519795,9.282349337266877,73.39606429061112,69.69001223660875,110.37062221389114,187.54415955683393,190.0797941272955
2079-06-01,108.63681218457468,19.51146838250042,4.425387953802606,2.1888660360131587,4.676872981519795,9.282349337266877,73.39606429061112,69.69001223660875,110.37062221389114,187.54415955683393,190.0797941272955,250.8324248805131
2079-07-01,19.51146838250042,4.425387953802606,2.1888660360131587,4.676872981519795,9.282349337266877,73.39606429061112,69.69001223660875,110.37062221389114,187.54415955683393,190.0797941272955,250.8324248805131,77.85800161924449
2079-08-01,4.425387953802606,2.1888660360131587,4.676872981519795,9.282349337266877,73.39606429061112,69.69001223660875,110.37062221389114,187.54415955683393,190.0797941272955,250.8324248805131,77.85800161924449,13.24169081609677
2079-09-01,2.1888660360131587,4.676872981519795,9.282349337266877,73.39606429061112,69.69001223660875,110.37062221389114,187.54415955683393,190.0797941272955,250.8324248805131,77.85800161924449,13.24169081609677,3.851718981718908
2079-10-01,4.676872981519795,9.282349337266877,73.39606429061112,69.69001223660875,110.37062221389114,187.54415955683393,190.0797941272955,250.8324248805131,77.85800161924449,13.24169081609677,3.851718981718908,2.2253167280000943
2079-11-01,9.282349337266877,73.39606429061112,69.69001223660875,110.37062221389114,187.54415955683393,190.0797941272955,250.8324248805131,77.85800161924449,13.24169081609677,3.851718981718908,2.2253167280000943,4.067889099108699
2079-12-01,73.39606429061112,69.69001223660875,110.37062221389114,187.54415955683393,190.0797941272955,250.8324248805131,77.85800161924449,13.24169081609677,3.851718981718908,2.2253167280000943,4.067889099108699,8.53314855074666
2080-01-01,60.516723532007425,93.93410018838482,195.6320054205558,149.9434308058767,206.80839038806275,66.99162193462999,10.549063769537856,3.728917441324282,2.283009264161831,4.067889099108699,8.060241655113643,51.94369777474568
2080-02-01,93.93410018838482,195.6320054205558,149.9434308058767,206.80839038806275,66.99162193462999,10.549063769537856,3.728917441324282,2.283009264161831,4.067889099108699,8.060241655113643,51.94369777474568,55.9200690589842
2080-03-01,191.01037921271472,172.52421109393492,222.87584872372022,67.23613146405705,11.598452439949753,3.7641296347947826,2.2500421006408384,4.067889099108699,8.060241655113643,51.94369777474568,55.9200690589842,169.411971215177
2080-04-01,189.4597963099786,234.92644247546338,67.41951361112734,12.385493942758675,3.790538779897658,2.2253167280000943,4.067889099108699,8.060241655113643,51.94369777474568,55.9200690589842,169.411971215177,205.02857962316085
2080-05-01,234.92644247546338,67.41951361112734,12.385493942758675,3.790538779897658,2.2253167280000943,4.067889099108699,8.060241655113643,51.94369777474568,55.9200690589842,169.411971215177,205.02857962316085,212.48787398530882
2080-06-01,67.41951361112734,12.385493942758675,3.790538779897658,2.2253167280000943,4.067889099108699,8.060241655113643,51.94369777474568,55.9200690589842,169.411971215177,205.02857962316085,212.48787398530882,248.68693147444282
2080-07-01,12.385493942758675,3.790538779897658,2.2253167280000943,4.067889099108699,8.060241655113643,51.94369777474568,55.9200690589842,169.411971215177,205.02857962316085,212.48787398530882,248.68693147444282,66.59360752165368
2080-08-01,3.790538779897658,2.2253167280000943,4.067889099108699,8.060241655113643,51.94369777474568,55.9200690589842,169.411971215177,205.02857962316085,212.48787398530882,248.68693147444282,66.59360752165368,16.701088356804853
2080-09-01,2.2253167280000943,4.067889099108699,8.060241655113643,51.94369777474568,55.9200690589842,169.411971215177,205.02857962316085,212.48787398530882,248.68693147444282,66.59360752165368,16.701088356804853,3.8677921915028706
2080-10-01,4.067889099108699,8.060241655113643,51.94369777474568,55.9200690589842,169.411971215177,205.02857962316085,212.48787398530882,248.68693147444282,66.59360752165368,16.701088356804853,3.8677921915028706,7.83818623901602
2080-11-01,8.060241655113643,51.94369777474568,55.9200690589842,169.411971215177,205.02857962316085,212.48787398530882,248.68693147444282,66.59360752165368,16.701088356804853,3.8677921915028706,7.83818623901602,4.597874531279678
2080-12-01,51.94369777474568,55.9200690589842,169.411971215177,205.02857962316085,212.48787398530882,248.68693147444282,66.59360752165368,16.701088356804853,3.8677921915028706,7.83818623901602,4.597874531279678,8.061389457021622
2081-01-01,39.831778403402886,363.1451741831606,274.5254765579996,253.64728007202726,271.03394032873126,63.2750445319985,30.076263241912912,4.0842053187753935,27.54916385461374,4.597874531279678,7.508631738349173,52.37420730305633
2081-02-01,363.1451741831606,274.5254765579996,253.64728007202726,271.03394032873126,63.2750445319985,30.076263241912912,4.0842053187753935,27.54916385461374,4.597874531279678,7.508631738349173,52.37420730305633,54.21205143201496
2081-03-01,235.7893335733949,230.4819039180835,268.7938184474741,65.17136624037289,22.922561520901503,3.9955007899460946,16.323424832581892,4.597874531279678,7.508631738349173,52.37420730305633,54.21205143201496,99.40676581046196
2081-04-01,213.1078718026257,267.1137270365312,66.59360752165368,17.557285230142945,3.9289723933241203,7.904120566058005,4.597874531279678,7.508631738349173,52.37420730305633,54.21205143201496,99.40676581046196,171.07767790626258
2081-05-01,267.1137270365312,66.59360752165368,17.557285230142945,3.9289723933241203,7.904120566058005,4.597874531279678,7.508631738349173,52.37420730305633,54.21205143201496,99.40676581046196,171.07767790626258,185.8440664848445
2081-06-01,66.59360752165368,17.557285230142945,3.9289723933241203,7.904120566058005,4.597874531279678,7.508631738349173,52.37420730305633,54.21205143201496,99.40676581046196,171.07767790626258,185.8440664848445,251.75587073254607
2081-07-01,17.557285230142945,3.9289723933241203,7.904120566058005,4.597874531279678,7.508631738349173,52.37420730305633,54.21205143201496,99.40676581046196,171.07767790626258,185.8440664848445,251.75587073254607,68.47755779553334
2081-08-01,3.9289723933241203,7.904120566058005,4.597874531279678,7.508631738349173,52.37420730305633,54.21205143201496,99.40676581046196,171.07767790626258,185.8440664848445,251.75587073254607,68.47755779553334,12.459298350883678
2081-09-01,7.904120566058005,4.597874531279678,7.508631738349173,52.37420730305633,54.21205143201496,99.40676581046196,171.07767790626258,185.8440664848445,251.75587073254607,68.47755779553334,12.459298350883678,4.139874049471269
2081-10-01,4.597874531279678,7.508631738349173,52.37420730305633,54.21205143201496,99.40676581046196,171.07767790626258,185.8440664848445,251.75587073254607,68.47755779553334,12.459298350883678,4.139874049471269,2.309117084672276
2081-11-01,7.508631738349173,52.37420730305633,54.21205143201496,99.40676581046196,171.07767790626258,185.8440664848445,251.75587073254607,68.47755779553334,12.459298350883678,4.139874049471269,2.309117084672276,4.082189205523444
2081-12-01,52.37420730305633,54.21205143201496,99.40676581046196,171.07767790626258,185.8440664848445,251.75587073254607,68.47755779553334,12.459298350883678,4.139874049471269,2.309117084672276,4.082189205523444,20.221688007252396
2082-01-01,32.1456990820413,47.69335713252528,113.84392778997233,130.8826564148472,201.92358696079816,72.22071547430323,7.135322285246204,5.033262771437563,2.371648188377962,4.082189205523444,20.221688007252396,48.34375176689431
2082-02-01,47.69335713252528,113.84392778997233,130.8826564148472,201.92358696079816,72.22071547430323,7.135322285246204,5.033262771437563,2.371648188377962,4.082189205523444,20.221688007252396,48.34375176689431,52.73193819345381
2082-03-01,145.57255830683502,161.93489198780742,230.39917768751124,72.22071547430323,10.177594322753333,4.522754930313967,2.33591612911757,4.082189205523444,20.221688007252396,48.34375176689431,52.73193819345381,91.65977530528757
2082-04-01,185.2240686675276,251.75587073254607,72.22071547430323,12.459298350883678,4.139874049471269,2.309117084672276,4.082189205523444,20.221688007252396,48.34375176689431,52.73193819345381,91.65977530528757,160.46387304403166
2082-05-01,251.75587073254607,72.22071547430323,12.459298350883678,4.139874049471269,2.309117084672276,4.082189205523444,20.221688007252396,48.34375176689431,52.73193819345381,91.65977530528757,160.46387304403166,180.36295692058056
2082-06-01,72.22071547430323,12.459298350883678,4.139874049471269,2.309117084672276,4.082189205523444,20.221688007252396,48.34375176689431,52.73193819345381,91.65977530528757,160.46387304403166,180.36295692058056,218.63559150607506
2082-07-01,12.459298350883678,4.139874049471269,2.309117084672276,4.082189205523444,20.221688007252396,48.34375176689431,52.73193819345381,91.65977530528757,160.46387304403166,180.36295692058056,218.63559150607506,58.88652185251079
2082-08-01,4.139874049471269,2.309117084672276,4.082189205523444,20.221688007252396,48.34375176689431,52.73193819345381,91.65977530528757,160.46387304403166,180.36295692058056,218.63559150607506,58.88652185251079,11.911666271390164
2082-09-01,2.309117084672276,4.082189205523444,20.221688007252396,48.34375176689431,52.73193819345381,91.65977530528757,160.46387304403166,180.36295692058056,218.63559150607506,58.88652185251079,11.911666271390164,3.855883384374513
2082-10-01,4.082189205523444,20.221688007252396,48.34375176689431,52.73193819345381,91.65977530528757,160.46387304403166,180.36295692058056,218.63559150607506,58.88652185251079,11.911666271390164,3.855883384374513,2.27859259681089
2082-11-01,20.221688007252396,48.34375176689431,52.73193819345381,91.65977530528757,160.46387304403166,180.36295692058056,218.63559150607506,58.88652185251079,11.911666271390164,3.855883384374513,2.27859259681089,4.108890117168062
2082-12-01,48.34375176689431,52.73193819345381,91.65977530528757,160.46387304403166,180.36295692058056,218.63559150607506,58.88652185251079,11.911666271390164,3.855883384374513,2.27859259681089,4.108890117168062,27.926431582874088
2083-01-01,25.404056292913626,26.4462611452892,73.34327027238282,108.60392220885116,50.57898099641754,11.748949466390982,4.50167171238518,3.747657253274504,2.227958763886133,3.717278064463653,27.926431582874088,69.26015294242394
2083-02-01,26.4462611452892,73.34327027238282,108.60392220885116,50.57898099641754,11.748949466390982,4.50167171238518,3.747657253274504,2.227958763886133,3.717278064463653,27.926431582874088,69.26015294242394,263.2942463742346
2083-03-01,121.17243372789528,147.76345589676794,136.08173239502844,36.545757870590926,7.961983048318485,3.774540641433795,2.227958763886133,3.717278064463653,27.926431582874088,69.26015294242394,263.2942463742346,165.2135462108543
2083-04-01,177.13310616270553,200.20879594398664,55.14336417374089,10.557216550268464,3.7947031825532633,2.227958763886133,3.717278064463653,27.926431582874088,69.26015294242394,263.2942463742346,165.2135462108543,190.93664137881444
2083-05-01,200.20879594398664,55.14336417374089,10.557216550268464,3.7947031825532633,2.227958763886133,3.717278064463653,27.926431582874088,69.26015294242394,263.2942463742346,165.2135462108543,190.93664137881444,233.08395550423063
2083-06-01,55.14336417374089,10.557216550268464,3.7947031825532633,2.227958763886133,3.717278064463653,27.926431582874088,69.26015294242394,263.2942463742346,165.2135462108543,190.93664137881444,233.08395550423063,239.4785593643054
2083-07-01,10.557216550268464,3.7947031825532633,2.227958763886133,3.717278064463653,27.926431582874088,69.26015294242394,263.2942463742346,165.2135462108543,190.93664137881444,233.08395550423063,239.4785593643054,107.04666758145815
2083-08-01,3.7947031825532633,2.227958763886133,3.717278064463653,27.926431582874088,69.26015294242394,263.2942463742346,165.2135462108543,190.93664137881444,233.08395550423063,239.4785593643054,107.04666758145815,28.6166828088301
2083-09-01,2.227958763886133,3.717278064463653,27.926431582874088,69.26015294242394,263.2942463742346,165.2135462108543,190.93664137881444,233.08395550423063,239.4785593643054,107.04666758145815,28.6166828088301,5.791202887329061
2083-10-01,3.717278064463653,27.926431582874088,69.26015294242394,263.2942463742346,165.2135462108543,190.93664137881444,233.08395550423063,239.4785593643054,107.04666758145815,28.6166828088301,5.791202887329061,2.334629947988878
2083-11-01,27.926431582874088,69.26015294242394,263.2942463742346,165.2135462108543,190.93664137881444,233.08395550423063,239.4785593643054,107.04666758145815,28.6166828088301,5.791202887329061,2.334629947988878,4.076160939733233
2083-12-01,69.26015294242394,263.2942463742346,165.2135462108543,190.93664137881444,233.08395550423063,239.4785593643054,107.04666758145815,28.6166828088301,5.791202887329061,2.334629947988878,4.076160939733233,8.508787460088714
2084-01-01,975.8552388681171,424.3259782209069,226.28622387972726,360.863975317613,227.29291638785196,245.78170951096487,85.76926987591253,12.73955344999325,2.707979092348486,4.076160939733233,8.956389459665296,64.09716840566159
2084-02-01,424.3259782209069,226.28622387972726,360.863975317613,227.29291638785196,245.78170951096487,85.76926987591253,12.73955344999325,2.707979092348486,4.076160939733233,8.956389459665296,64.09716840566159,95.8716303430692
2084-03-01,208.0405005789211,290.0467346100756,234.25614094582534,168.64348993911526,53.11064869472257,8.80402752951157,2.494636724142996,4.076160939733233,8.956389459665296,64.09716840566159,95.8716303430692,125.82399697313855
2084-04-01,236.93380407942254,239.4785593643054,110.78982526022804,28.6166828088301,5.852383089150311,2.334629947988878,4.076160939733233,8.956389459665296,64.09716840566159,95.8716303430692,125.82399697313855,236.79231353008663
2084-05-01,239.4785593643054,110.78982526022804,28.6166828088301,5.852383089150311,2.334629947988878,4.076160939733233,8.956389459665296,64.09716840566159,95.8716303430692,125.82399697313855,236.79231353008663,233.9169743634836
2084-06-01,110.78982526022804,28.6166828088301,5.852383089150311,2.334629947988878,4.076160939733233,8.956389459665296,64.09716840566159,95.8716303430692,125.82399697313855,236.79231353008663,233.9169743634836,268.87063793817464
2084-07-01,28.6166828088301,5.852383089150311,2.334629947988878,4.076160939733233,8.956389459665296,64.09716840566159,95.8716303430692,125.82399697313855,236.79231353008663,233.9169743634836,268.87063793817464,75.99625079043022
2084-08-01,5.852383089150311,2.334629947988878,4.076160939733233,8.956389459665296,64.09716840566159,95.8716303430692,125.82399697313855,236.79231353008663,233.9169743634836,268.87063793817464,75.99625079043022,15.340997361780957
2084-09-01,2.334629947988878,4.076160939733233,8.956389459665296,64.09716840566159,95.8716303430692,125.82399697313855,236.79231353008663,233.9169743634836,268.87063793817464,75.99625079043022,15.340997361780957,3.8575109758199444
2084-10-01,4.076160939733233,8.956389459665296,64.09716840566159,95.8716303430692,125.82399697313855,236.79231353008663,233.9169743634836,268.87063793817464,75.99625079043022,15.340997361780957,3.8575109758199444,2.9081612267618118
2084-11-01,8.956389459665296,64.09716840566159,95.8716303430692,125.82399697313855,236.79231353008663,233.9169743634836,268.87063793817464,75.99625079043022,15.340997361780957,3.8575109758199444,2.9081612267618118,3.973464555715508
2084-12-01,64.09716840566159,95.8716303430692,125.82399697313855,236.79231353008663,233.9169743634836,268.87063793817464,75.99625079043022,15.340997361780957,3.8575109758199444,2.9081612267618118,3.973464555715508,15.580215725068989
2085-01-01,222.53459994347526,182.42142835302462,417.24869830019304,347.2882415958878,361.8606194155245,89.21062439687464,26.02868536419139,3.7626289400066035,5.288869846826685,3.9630129469202524,15.580215725068989,51.54653145420447
2085-02-01,182.42142835302462,417.24869830019304,347.2882415958878,361.8606194155245,89.21062439687464,26.02868536419139,3.7626289400066035,5.288869846826685,3.9630129469202524,15.580215725068989,51.54653145420447,51.01413981760453
2085-03-01,314.1307641458465,282.50466032022825,319.25308460680367,81.65955376462068,19.921435077099712,3.8168472461856555,3.928464921075329,3.9630129469202524,15.580215725068989,51.54653145420447,51.01413981760453,107.2026190614843
2085-04-01,233.9169743634836,287.2974335002631,75.99625079043022,15.340997361780957,3.8575109758199444,2.9081612267618118,3.9630129469202524,15.580215725068989,51.54653145420447,51.01413981760453,107.2026190614843,181.07251236196043
2085-05-01,287.2974335002631,75.99625079043022,15.340997361780957,3.8575109758199444,2.9081612267618118,3.9630129469202524,15.580215725068989,51.54653145420447,51.01413981760453,107.2026190614843,181.07251236196043,203.7168052373411
2085-06-01,75.99625079043022,15.340997361780957,3.8575109758199444,2.9081612267618118,3.9630129469202524,15.580215725068989,51.54653145420447,51.01413981760453,107.2026190614843,181.07251236196043,203.7168052373411,252.1839055419555
2085-07-01,15.340997361780957,3.8575109758199444,2.9081612267618118,3.9630129469202524,15.580215725068989,51.54653145420447,51.01413981760453,107.2026190614843,181.07251236196043,203.7168052373411,252.1839055419555,61.55915004333952
2085-08-01,3.8575109758199444,2.9081612267618118,3.9630129469202524,15.580215725068989,51.54653145420447,51.01413981760453,107.2026190614843,181.07251236196043,203.7168052373411,252.1839055419555,61.55915004333952,10.542253640775296
2085-09-01,2.9081612267618118,3.9630129469202524,15.580215725068989,51.54653145420447,51.01413981760453,107.2026190614843,181.07251236196043,203.7168052373411,252.1839055419555,61.55915004333952,10.542253640775296,3.794363874192434
2085-10-01,3.9630129469202524,15.580215725068989,51.54653145420447,51.01413981760453,107.2026190614843,181.07251236196043,203.7168052373411,252.1839055419555,61.55915004333952,10.542253640775296,3.794363874192434,2.305724613691679
2085-11-01,15.580215725068989,51.54653145420447,51.01413981760453,107.2026190614843,181.07251236196043,203.7168052373411,252.1839055419555,61.55915004333952,10.542253640775296,3.794363874192434,2.305724613691679,6.334871915271835
2085-12-01,51.54653145420447,51.01413981760453,107.2026190614843,181.07251236196043,203.7168052373411,252.1839055419555,61.55915004333952,10.542253640775296,3.794363874192434,2.305724613691679,6.334871915271835,71.40438405835768
2086-01-01,17.755096817194364,83.20308949154348,166.08214720306236,212.4832912840902,203.84974360314058,24.24367103496652,4.4343386196659225,3.4784669826828063,2.5842343171266835,6.334871915271835,71.40438405835768,48.527502173267536
2086-02-01,83.20308949154348,166.08214720306236,212.4832912840902,203.84974360314058,24.24367103496652,4.4343386196659225,3.4784669826828063,2.5842343171266835,6.334871915271835,71.40438405835768,48.527502173267536,51.89426031599863
2086-03-01,172.69403202271724,212.4832912840902,231.4692647110348,45.56680189689395,7.9245757745855645,3.6589794921168792,2.4540195339779705,6.334871915271835,71.40438405835768,48.527502173267536,51.89426031599863,192.60508796232227
2086-04-01,212.48329128409023,252.1839055419555,61.55915004333952,10.542253640775296,3.794363874192434,2.356358446616436,6.334871915271835,71.40438405835768,48.527502173267536,51.89426031599863,192.60508796232227,197.8373258143137
2086-05-01,252.1839055419555,61.55915004333952,10.542253640775296,3.794363874192434,2.356358446616436,6.334871915271835,71.40438405835768,48.527502173267536,51.89426031599863,192.60508796232227,197.8373258143137,198.55428926386674
2086-06-01,61.55915004333952,10.542253640775296,3.794363874192434,2.356358446616436,6.334871915271835,71.40438405835768,48.527502173267536,51.89426031599863,192.60508796232227,197.8373258143137,198.55428926386674,257.63205748381506
2086-07-01,10.542253640775296,3.794363874192434,2.356358446616436,6.334871915271835,71.40438405835768,48.527502173267536,51.89426031599863,192.60508796232227,197.8373258143137,198.55428926386674,257.63205748381506,83.36109672650883
2086-08-01,3.794363874192434,2.356358446616436,6.334871915271835,71.40438405835768,48.527502173267536,51.89426031599863,192.60508796232227,197.8373258143137,198.55428926386674,257.63205748381506,83.36109672650883,13.558607115064287
2086-09-01,2.356358446616436,6.334871915271835,71.40438405835768,48.527502173267536,51.89426031599863,192.60508796232227,197.8373258143137,198.55428926386674,257.63205748381506,83.36109672650883,13.558607115064287,3.8135376424820393
2086-10-01,6.334871915271835,71.40438405835768,48.527502173267536,51.89426031599863,192.60508796232227,197.8373258143137,198.55428926386674,257.63205748381506,83.36109672650883,13.558607115064287,3.8135376424820393,2.8735487006667775
2086-11-01,71.40438405835768,48.527502173267536,51.89426031599863,192.60508796232227,197.8373258143137,198.55428926386674,257.63205748381506,83.36109672650883,13.558607115064287,3.8135376424820393,2.8735487006667775,12.66371691694885
2086-12-01,48.527502173267536,51.89426031599863,192.60508796232227,197.8373258143137,198.55428926386674,257.63205748381506,83.36109672650883,13.558607115064287,3.8135376424820393,2.8735487006667775,12.66371691694885,13.606676509746176
2087-01-01,21.715639059967806,467.61211630889744,257.3393038394738,149.80278219308445,228.36642734150846,123.18934740039684,18.278726796040015,3.5647489399860306,4.917437558286308,12.66371691694885,13.606676509746176,57.26317390381585
2087-02-01,467.61211630889744,257.3393038394738,149.80278219308445,228.36642734150846,123.18934740039684,18.278726796040015,3.5647489399860306,4.917437558286308,12.66371691694885,13.606676509746176,57.26317390381585,228.84642078617298
2087-03-01,225.2922116676692,177.66078623353144,245.0896445656836,104.25625006065927,16.819447170676206,3.7069139128408928,3.7762306587692596,12.66371691694885,13.606676509746176,57.26317390381585,228.84642078617298,180.3279245514383
2087-04-01,198.55428926386674,257.63205748381506,90.05642705585609,15.724987451653353,3.8135376424820393,2.9203254841314727,12.66371691694885,13.606676509746176,57.26317390381585,228.84642078617298,180.3279245514383,250.1565699021743
2087-05-01,257.63205748381506,90.05642705585609,15.724987451653353,3.8135376424820393,2.9203254841314727,12.66371691694885,13.606676509746176,57.26317390381585,228.84642078617298,180.3279245514383,250.1565699021743,242.49835608861264
2087-06-01,90.05642705585609,15.724987451653353,3.8135376424820393,2.9203254841314727,12.66371691694885,13.606676509746176,57.26317390381585,228.84642078617298,180.3279245514383,250.1565699021743,242.49835608861264,287.85975067703913
2087-07-01,15.724987451653353,3.8135376424820393,2.9203254841314727,12.66371691694885,13.606676509746176,57.26317390381585,228.84642078617298,180.3279245514383,250.1565699021743,242.49835608861264,287.85975067703913,77.94832315487069
2087-08-01,3.8135376424820393,2.9203254841314727,12.66371691694885,13.606676509746176,57.26317390381585,228.84642078617298,180.3279245514383,250.1565699021743,242.49835608861264,287.85975067703913,77.94832315487069,15.548577810161703
2087-09-01,2.9203254841314727,12.66371691694885,13.606676509746176,57.26317390381585,228.84642078617298,180.3279245514383,250.1565699021743,242.49835608861264,287.85975067703913,77.94832315487069,15.548577810161703,3.9273855362152768
2087-10-01,12.66371691694885,13.606676509746176,57.26317390381585,228.84642078617298,180.3279245514383,250.1565699021743,242.49835608861264,287.85975067703913,77.94832315487069,15.548577810161703,3.9273855362152768,2.3434313427948155
2087-11-01,13.606676509746176,57.26317390381585,228.84642078617298,180.3279245514383,250.1565699021743,242.49835608861264,287.85975067703913,77.94832315487069,15.548577810161703,3.9273855362152768,2.3434313427948155,3.675977934978957
2087-12-01,57.26317390381585,228.84642078617298,180.3279245514383,250.1565699021743,242.49835608861264,287.85975067703913,77.94832315487069,15.548577810161703,3.9273855362152768,2.3434313427948155,3.675977934978957,7.999628708918852
2088-01-01,818.0003611757523,408.83987747093,477.38785197458753,347.55108290444116,364.3910467110169,67.86596355479413,17.48488340932759,4.077064461785597,2.318268576482283,3.4052519965468635,7.999628708918852,46.2726643549999
2088-02-01,408.83987747093,477.38785197458753,347.55108290444116,364.3910467110169,67.86596355479413,17.48488340932759,4.077064461785597,2.318268576482283,3.4052519965468635,7.999628708918852,46.2726643549999,51.37152671003604
2088-03-01,347.54140507606564,287.5209532953963,320.6588775487438,69.80140885235373,16.378423066947082,3.9915336471739855,2.318268576482283,3.4052519965468635,7.999628708918852,46.2726643549999,51.37152671003604,101.14767834648941
2088-04-01,242.49835608861264,287.85975067703913,71.25299282552344,15.548577810161703,3.9273855362152768,2.318268576482283,3.4052519965468635,7.999628708918852,46.2726643549999,51.37152671003604,101.14767834648941,157.0225382460573
2088-05-01,287.85975067703913,71.25299282552344,15.548577810161703,3.9273855362152768,2.318268576482283,3.4052519965468635,7.999628708918852,46.2726643549999,51.37152671003604,101.14767834648941,157.0225382460573,179.84838776606534
2088-06-01,71.25299282552344,15.548577810161703,3.9273855362152768,2.318268576482283,3.4052519965468635,7.999628708918852,46.2726643549999,51.37152671003604,101.14767834648941,157.0225382460573,179.84838776606534,217.4163484074435
2088-07-01,15.548577810161703,3.9273855362152768,2.318268576482283,3.4052519965468635,7.999628708918852,46.2726643549999,51.37152671003604,101.14767834648941,157.0225382460573,179.84838776606534,217.4163484074435,58.85852060541758
2088-08-01,3.9273855362152768,2.318268576482283,3.4052519965468635,7.999628708918852,46.2726643549999,51.37152671003604,101.14767834648941,157.0225382460573,179.84838776606534,217.4163484074435,58.85852060541758,12.692144161463569
2088-09-01,2.318268576482283,3.4052519965468635,7.999628708918852,46.2726643549999,51.37152671003604,101.14767834648941,157.0225382460573,179.84838776606534,217.4163484074435,58.85852060541758,12.692144161463569,3.7606784602090952
2088-10-01,3.4052519965468635,7.999628708918852,46.2726643549999,51.37152671003604,101.14767834648941,157.0225382460573,179.84838776606534,217.4163484074435,58.85852060541758,12.692144161463569,3.7606784602090952,2.263710702031332
2088-11-01,7.999628708918852,46.2726643549999,51.37152671003604,101.14767834648941,157.0225382460573,179.84838776606534,217.4163484074435,58.85852060541758,12.692144161463569,3.7606784602090952,2.263710702031332,3.913085340844219
2088-12-01,46.2726643549999,51.37152671003604,101.14767834648941,157.0225382460573,179.84838776606534,217.4163484074435,58.85852060541758,12.692144161463569,3.7606784602090952,2.263710702031332,3.913085340844219,9.00780593953751
2089-01-01,19.282204617533694,52.43085278507705,57.857263681498274,64.53041469713467,43.351580913082145,11.622943854471547,4.360134448112349,3.3192350945301237,2.070056389308983,4.183811279276313,9.112961658633377,27.93616695254347
2089-02-01,52.43085278507705,57.857263681498274,64.53041469713467,43.351580913082145,11.622943854471547,4.360134448112349,3.3192350945301237,2.070056389308983,4.183811279276313,9.112961658633377,27.93616695254347,49.95871371769195
2089-03-01,112.56909673295942,125.41697870980985,124.3295939509828,36.47575475285791,7.8833512348335795,3.53652833102025,2.1683651296348034,4.183811279276313,9.112961658633377,27.93616695254347,49.95871371769195,93.00428044422496
2089-04-01,171.08190171931622,185.0631037294083,55.115362926647684,10.525763824874502,3.6994982583878455,2.242096684879169,4.183811279276313,9.112961658633377,27.93616695254347,49.95871371769195,93.00428044422496,150.69320020957662
2089-05-01,185.0631037294083,55.115362926647684,10.525763824874502,3.6994982583878455,2.242096684879169,4.183811279276313,9.112961658633377,27.93616695254347,49.95871371769195,93.00428044422496,150.69320020957662,165.85501559280627
2089-06-01,55.115362926647684,10.525763824874502,3.6994982583878455,2.242096684879169,4.183811279276313,9.112961658633377,27.93616695254347,49.95871371769195,93.00428044422496,150.69320020957662,165.85501559280627,183.29402412404707
2089-07-01,10.525763824874502,3.6994982583878455,2.242096684879169,4.183811279276313,9.112961658633377,27.93616695254347,49.95871371769195,93.00428044422496,150.69320020957662,165.85501559280627,183.29402412404707,54.817589529700555
2089-08-01,3.6994982583878455,2.242096684879169,4.183811279276313,9.112961658633377,27.93616695254347,49.95871371769195,93.00428044422496,150.69320020957662,165.85501559280627,183.29402412404707,54.817589529700555,10.54228062715433
2089-09-01,2.242096684879169,4.183811279276313,9.112961658633377,27.93616695254347,49.95871371769195,93.00428044422496,150.69320020957662,165.85501559280627,183.29402412404707,54.817589529700555,10.54228062715433,3.69526793060294
2089-10-01,4.183811279276313,9.112961658633377,27.93616695254347,49.95871371769195,93.00428044422496,150.69320020957662,165.85501559280627,183.29402412404707,54.817589529700555,10.54228062715433,3.69526793060294,3.050751991851561
2089-11-01,9.112961658633377,27.93616695254347,49.95871371769195,93.00428044422496,150.69320020957662,165.85501559280627,183.29402412404707,54.817589529700555,10.54228062715433,3.69526793060294,3.050751991851561,4.144288123530069
2089-12-01,27.93616695254347,49.95871371769195,93.00428044422496,150.69320020957662,165.85501559280627,183.29402412404707,54.817589529700555,10.54228062715433,3.69526793060294,3.050751991851561,4.144288123530069,20.376384198274124
2090-01-01,15.206070217716544,18.882172984458755,43.1103215726806,40.52819605594084,35.25407396766715,10.266996953665782,4.337070602178393,3.2989253675710453,5.711707022828767,4.144288123530069,20.376384198274124,114.60619339125549
2090-02-01,18.882172984458755,43.1103215726806,40.52819605594084,35.25407396766715,10.266996953665782,4.337070602178393,3.2989253675710453,5.711707022828767,4.144288123530069,20.376384198274124,114.60619339125549,105.394343883299
2090-03-01,97.02981242844416,109.94360803404,119.22365133113271,35.65148818777176,7.437695959567254,3.5195862519229637,4.203512157785886,4.144288123530069,20.376384198274124,114.60619339125549,105.394343883299,116.02043654628392
2090-04-01,162.00516701761435,182.2008343537319,54.68985661335124,9.7631649776089,3.6850819151869025,3.0723660090037237,4.144288123530069,20.376384198274124,114.60619339125549,105.394343883299,116.02043654628392,166.84205834396576
2090-05-01,182.2008343537319,54.68985661335124,9.7631649776089,3.6850819151869025,3.0723660090037237,4.144288123530069,20.376384198274124,114.60619339125549,105.394343883299,116.02043654628392,166.84205834396576,217.24405089303463
2090-06-01,54.68985661335124,9.7631649776089,3.6850819151869025,3.0723660090037237,4.144288123530069,20.376384198274124,114.60619339125549,105.394343883299,116.02043654628392,166.84205834396576,217.24405089303463,207.10465755701279
2090-07-01,9.7631649776089,3.6850819151869025,3.0723660090037237,4.144288123530069,20.376384198274124,114.60619339125549,105.394343883299,116.02043654628392,166.84205834396576,217.24405089303463,207.10465755701279,60.63565317403542
2090-08-01,3.6850819151869025,3.0723660090037237,4.144288123530069,20.376384198274124,114.60619339125549,105.394343883299,116.02043654628392,166.84205834396576,217.24405089303463,207.10465755701279,60.63565317403542,10.46166822854896
2090-09-01,3.0723660090037237,4.144288123530069,20.376384198274124,114.60619339125549,105.394343883299,116.02043654628392,166.84205834396576,217.24405089303463,207.10465755701279,60.63565317403542,10.46166822854896,3.7003556810188587
2090-10-01,4.144288123530069,20.376384198274124,114.60619339125549,105.394343883299,116.02043654628392,166.84205834396576,217.24405089303463,207.10465755701279,60.63565317403542,10.46166822854896,3.7003556810188587,2.386039931158703
2090-11-01,20.376384198274124,114.60619339125549,105.394343883299,116.02043654628392,166.84205834396576,217.24405089303463,207.10465755701279,60.63565317403542,10.46166822854896,3.7003556810188587,2.386039931158703,4.314482109736344
2090-12-01,114.60619339125549,105.394343883299,116.02043654628392,166.84205834396576,217.24405089303463,207.10465755701279,60.63565317403542,10.46166822854896,3.7003556810188587,2.386039931158703,4.314482109736344,9.77708605203053
2091-01-01,288.31945871341685,138.30540643217878,175.28714655432572,289.10317349533216,145.1977685487755,36.977920708931464,7.4803352314086675,3.363023514424746,2.6263850183152395,4.314482109736344,9.877596252423517,110.31291142659043
2091-02-01,138.30540643217878,175.28714655432572,289.10317349533216,145.1977685487755,36.977920708931464,7.4803352314086675,3.363023514424746,2.6263850183152395,4.314482109736344,9.877596252423517,110.31291142659043,101.40062655399186
2091-03-01,170.46138186269144,248.0408177225907,170.86566017105616,50.290175750416694,9.183954086917407,3.5346016695523437,2.5034236921186652,4.314482109736344,9.877596252423517,110.31291142659043,101.40062655399186,151.9589609397754
2091-04-01,217.24405089303463,190.11657888776665,60.27436703153062,10.46166822854896,3.663285285898042,2.4112026974712353,4.314482109736344,9.877596252423517,110.31291142659043,101.40062655399186,151.9589609397754,202.7459707907718
2091-05-01,190.11657888776665,60.27436703153062,10.46166822854896,3.663285285898042,2.4112026974712353,4.314482109736344,9.877596252423517,110.31291142659043,101.40062655399186,151.9589609397754,202.7459707907718,213.34269511355495
2091-06-01,60.27436703153062,10.46166822854896,3.663285285898042,2.4112026974712353,4.314482109736344,9.877596252423517,110.31291142659043,101.40062655399186,151.9589609397754,202.7459707907718,213.34269511355495,224.40400441832332
2091-07-01,10.46166822854896,3.663285285898042,2.4112026974712353,4.314482109736344,9.877596252423517,110.31291142659043,101.40062655399186,151.9589609397754,202.7459707907718,213.34269511355495,224.40400441832332,95.00432282175956
2091-08-01,3.663285285898042,2.4112026974712353,4.314482109736344,9.877596252423517,110.31291142659043,101.40062655399186,151.9589609397754,202.7459707907718,213.34269511355495,224.40400441832332,95.00432282175956,18.669163995766958
2091-09-01,2.4112026974712353,4.314482109736344,9.877596252423517,110.31291142659043,101.40062655399186,151.9589609397754,202.7459707907718,213.34269511355495,224.40400441832332,95.00432282175956,18.669163995766958,4.076842916945193
2091-10-01,4.314482109736344,9.877596252423517,110.31291142659043,101.40062655399186,151.9589609397754,202.7459707907718,213.34269511355495,224.40400441832332,95.00432282175956,18.669163995766958,4.076842916945193,2.2940091187304463
2091-11-01,9.877596252423517,110.31291142659043,101.40062655399186,151.9589609397754,202.7459707907718,213.34269511355495,224.40400441832332,95.00432282175956,18.669163995766958,4.076842916945193,2.2940091187304463,3.719340859805576
2091-12-01,110.31291142659043,101.40062655399186,151.9589609397754,202.7459707907718,213.34269511355495,224.40400441832332,95.00432282175956,18.669163995766958,4.076842916945193,2.2940091187304463,3.719340859805576,7.845166837841968
2092-01-01,247.41508289262723,284.7045447074365,338.0611937378614,272.02830355957246,301.61469326993637,193.30788253277478,44.51145564008283,5.224032854136926,2.0958685681926217,3.4486149213734825,7.845166837841968,28.161433811597682
2092-02-01,284.7045447074365,338.0611937378614,272.02830355957246,301.61469326993637,193.30788253277478,44.51145564008283,5.224032854136926,2.0958685681926217,3.4486149213734825,7.845166837841968,28.161433811597682,80.32976896439459
2092-03-01,266.2533688442494,240.69358363338642,267.2017731657267,137.34086906505453,30.18964078592829,4.568495747170221,2.1947130163213604,3.4486149213734825,7.845166837841968,28.161433811597682,80.32976896439459,266.05916533931196
2092-04-01,217.19254368874687,241.39208308756946,95.36560896426435,19.44827964531239,4.076842916945193,2.268846352417914,3.4486149213734825,7.845166837841968,28.161433811597682,80.32976896439459,266.05916533931196,221.94230200014238
2092-05-01,241.39208308756946,95.36560896426435,19.44827964531239,4.076842916945193,2.268846352417914,3.4486149213734825,7.845166837841968,28.161433811597682,80.32976896439459,266.05916533931196,221.94230200014238,193.14559722345638
2092-06-01,95.36560896426435,19.44827964531239,4.076842916945193,2.268846352417914,3.4486149213734825,7.845166837841968,28.161433811597682,80.32976896439459,266.05916533931196,221.94230200014238,193.14559722345638,255.0878185161432
2092-07-01,19.44827964531239,4.076842916945193,2.268846352417914,3.4486149213734825,7.845166837841968,28.161433811597682,80.32976896439459,266.05916533931196,221.94230200014238,193.14559722345638,255.0878185161432,76.75919921273334
2092-08-01,4.076842916945193,2.268846352417914,3.4486149213734825,7.845166837841968,28.161433811597682,80.32976896439459,266.05916533931196,221.94230200014238,193.14559722345638,255.0878185161432,76.75919921273334,16.335363415519815
2092-09-01,2.268846352417914,3.4486149213734825,7.845166837841968,28.161433811597682,80.32976896439459,266.05916533931196,221.94230200014238,193.14559722345638,255.0878185161432,76.75919921273334,16.335363415519815,4.074006273839632
2092-10-01,3.4486149213734825,7.845166837841968,28.161433811597682,80.32976896439459,266.05916533931196,221.94230200014238,193.14559722345638,255.0878185161432,76.75919921273334,16.335363415519815,4.074006273839632,2.361492866188705
2092-11-01,7.845166837841968,28.161433811597682,80.32976896439459,266.05916533931196,221.94230200014238,193.14559722345638,255.0878185161432,76.75919921273334,16.335363415519815,4.074006273839632,2.361492866188705,4.0217063851221395
2092-12-01,28.161433811597682,80.32976896439459,266.05916533931196,221.94230200014238,193.14559722345638,255.0878185161432,76.75919921273334,16.335363415519815,4.074006273839632,2.361492866188705,4.0217063851221395,14.294895898474802
2093-01-01,149.6754279777496,794.6304610163616,381.0128019553207,163.81704446576538,363.245502698518,109.57903865088518,30.503332606016247,5.211267960161901,2.512777880161181,4.292432323554233,14.294895898474802,47.698918443815465
2093-02-01,794.6304610163616,381.0128019553207,163.81704446576538,363.245502698518,109.57903865088518,30.503332606016247,5.211267960161901,2.512777880161181,4.292432323554233,14.294895898474802,47.698918443815465,78.09457079567976
2093-03-01,290.1153734095045,180.57621747016026,301.44111173716095,90.82484468622698,22.407350211446854,4.561404139406319,2.4263293007483373,4.292432323554233,14.294895898474802,47.698918443815465,78.09457079567976,174.4345059112477
2093-04-01,193.14559722345638,255.0878185161432,76.75919921273334,16.335363415519815,4.074006273839632,2.361492866188705,4.292432323554233,14.294895898474802,47.698918443815465,78.09457079567976,174.4345059112477,186.5855682001021
2093-05-01,255.0878185161432,76.75919921273334,16.335363415519815,4.074006273839632,2.361492866188705,4.292432323554233,14.294895898474802,47.698918443815465,78.09457079567976,174.4345059112477,186.5855682001021,207.4500660610866
2093-06-01,76.75919921273334,16.335363415519815,4.074006273839632,2.361492866188705,4.292432323554233,14.294895898474802,47.698918443815465,78.09457079567976,174.4345059112477,186.5855682001021,207.4500660610866,222.81937506867615
2093-07-01,16.335363415519815,4.074006273839632,2.361492866188705,4.292432323554233,14.294895898474802,47.698918443815465,78.09457079567976,174.4345059112477,186.5855682001021,207.4500660610866,222.81937506867615,82.02551534816968
2093-08-01,4.074006273839632,2.361492866188705,4.292432323554233,14.294895898474802,47.698918443815465,78.09457079567976,174.4345059112477,186.5855682001021,207.4500660610866,222.81937506867615,82.02551534816968,14.758023745733137
2093-09-01,2.361492866188705,4.292432323554233,14.294895898474802,47.698918443815465,78.09457079567976,174.4345059112477,186.5855682001021,207.4500660610866,222.81937506867615,82.02551534816968,14.758023745733137,3.8514759023933363
2093-10-01,4.292432323554233,14.294895898474802,47.698918443815465,78.09457079567976,174.4345059112477,186.5855682001021,207.4500660610866,222.81937506867615,82.02551534816968,14.758023745733137,3.8514759023933363,2.482099834797311
2093-11-01,14.294895898474802,47.698918443815465,78.09457079567976,174.4345059112477,186.5855682001021,207.4500660610866,222.81937506867615,82.02551534816968,14.758023745733137,3.8514759023933363,2.482099834797311,4.554272935248664
2093-12-01,47.698918443815465,78.09457079567976,174.4345059112477,186.5855682001021,207.4500660610866,222.81937506867615,82.02551534816968,14.758023745733137,3.8514759023933363,2.482099834797311,4.554272935248664,9.497614240740855
2094-01-01,140.76369730660807,384.9155522622827,221.9074998551395,228.18715423510136,217.354383201522,133.27746126034873,23.4053040919762,4.2098812886535715,3.058654584688976,4.956336596748329,9.497614240740855,60.720310771232164
2094-02-01,384.9155522622827,221.9074998551395,228.18715423510136,217.354383201522,133.27746126034873,23.4053040919762,4.2098812886535715,3.058654584688976,4.956336596748329,9.497614240740855,60.720310771232164,61.265952582087415
2094-03-01,201.72353890940383,216.3373895642358,217.35438320152204,103.99063502481785,18.464001036980164,4.00507821079058,2.7435734512151857,4.956336596748329,9.497614240740855,60.720310771232164,61.265952582087415,119.0385094117289
2094-04-01,207.4500660610866,217.35438320152207,82.02551534816968,14.758023745733137,3.8514759023933363,2.5072626011098436,4.956336596748329,9.497614240740855,60.720310771232164,61.265952582087415,119.0385094117289,161.5054114123283
2094-05-01,217.35438320152207,82.02551534816968,14.758023745733137,3.8514759023933363,2.5072626011098436,4.956336596748329,9.497614240740855,60.720310771232164,61.265952582087415,119.0385094117289,161.5054114123283,184.7302844239661
2094-06-01,82.02551534816968,14.758023745733137,3.8514759023933363,2.5072626011098436,4.956336596748329,9.497614240740855,60.720310771232164,61.265952582087415,119.0385094117289,161.5054114123283,184.7302844239661,203.0135722302563
2094-07-01,14.758023745733137,3.8514759023933363,2.5072626011098436,4.956336596748329,9.497614240740855,60.720310771232164,61.265952582087415,119.0385094117289,161.5054114123283,184.7302844239661,203.0135722302563,57.879756969009215
2094-08-01,3.8514759023933363,2.5072626011098436,4.956336596748329,9.497614240740855,60.720310771232164,61.265952582087415,119.0385094117289,161.5054114123283,184.7302844239661,203.0135722302563,57.879756969009215,10.64799836931075
2094-09-01,2.5072626011098436,4.956336596748329,9.497614240740855,60.720310771232164,61.265952582087415,119.0385094117289,161.5054114123283,184.7302844239661,203.0135722302563,57.879756969009215,10.64799836931075,3.6628452566772576
2094-10-01,4.956336596748329,9.497614240740855,60.720310771232164,61.265952582087415,119.0385094117289,161.5054114123283,184.7302844239661,203.0135722302563,57.879756969009215,10.64799836931075,3.6628452566772576,2.3169051589057337
2094-11-01,9.497614240740855,60.720310771232164,61.265952582087415,119.0385094117289,161.5054114123283,184.7302844239661,203.0135722302563,57.879756969009215,10.64799836931075,3.6628452566772576,2.3169051589057337,4.233503026006166
2094-12-01,60.720310771232164,61.265952582087415,119.0385094117289,161.5054114123283,184.7302844239661,203.0135722302563,57.879756969009215,10.64799836931075,3.6628452566772576,2.3169051589057337,4.233503026006166,18.256452981926884
2095-01-01,23.75511617473657,42.17545581487761,109.04679431015737,125.94813686805911,152.8207338308261,24.621548554126647,4.910189898075464,3.3610433829312165,2.2020460947704814,4.233503026006166,18.256452981926884,39.524582379496536
2095-02-01,42.17545581487761,109.04679431015737,125.94813686805911,152.8207338308261,24.621548554126647,4.910189898075464,3.3610433829312165,2.2020460947704814,4.233503026006166,18.256452981926884,39.524582379496536,65.29356831200586
2095-03-01,139.02314693996934,159.53793547143454,181.50235577335764,43.62623907691668,8.188937595924198,3.5335015965003826,2.267679845704911,4.233503026006166,18.256452981926884,39.524582379496536,65.29356831200586,119.3833845346567
2095-04-01,184.7302844239661,203.0135722302563,57.879756969009215,10.64799836931075,3.6628452566772576,2.3169051589057337,4.233503026006166,18.256452981926884,39.524582379496536,65.29356831200586,119.3833845346567,145.93184935418626
2095-05-01,203.0135722302563,57.879756969009215,10.64799836931075,3.6628452566772576,2.3169051589057337,4.233503026006166,18.256452981926884,39.524582379496536,65.29356831200586,119.3833845346567,145.93184935418626,166.6940250591134
2095-06-01,57.879756969009215,10.64799836931075,3.6628452566772576,2.3169051589057337,4.233503026006166,18.256452981926884,39.524582379496536,65.29356831200586,119.3833845346567,145.93184935418626,166.6940250591134,177.57646532662994
2095-07-01,10.64799836931075,3.6628452566772576,2.3169051589057337,4.233503026006166,18.256452981926884,39.524582379496536,65.29356831200586,119.3833845346567,145.93184935418626,166.6940250591134,177.57646532662994,54.91113899756656
2095-08-01,3.6628452566772576,2.3169051589057337,4.233503026006166,18.256452981926884,39.524582379496536,65.29356831200586,119.3833845346567,145.93184935418626,166.6940250591134,177.57646532662994,54.91113899756656,10.77318225572597
2095-09-01,2.3169051589057337,4.233503026006166,18.256452981926884,39.524582379496536,65.29356831200586,119.3833845346567,145.93184935418626,166.6940250591134,177.57646532662994,54.91113899756656,10.77318225572597,3.7260016968405028
2095-10-01,4.233503026006166,18.256452981926884,39.524582379496536,65.29356831200586,119.3833845346567,145.93184935418626,166.6940250591134,177.57646532662994,54.91113899756656,10.77318225572597,3.7260016968405028,2.3229784599081564
2095-11-01,18.256452981926884,39.524582379496536,65.29356831200586,119.3833845346567,145.93184935418626,166.6940250591134,177.57646532662994,54.91113899756656,10.77318225572597,3.7260016968405028,2.3229784599081564,4.442308126870548
2095-12-01,39.524582379496536,65.29356831200586,119.3833845346567,145.93184935418626,166.6940250591134,177.57646532662994,54.91113899756656,10.77318225572597,3.7260016968405028,2.3229784599081564,4.442308126870548,10.146639834356193
2096-01-01,40.73272587129441,43.7273938680527,38.96576504851815,44.78496972622193,38.35375276450753,11.217606914821602,5.473517386943954,3.645247363665821,2.229375949281384,4.442308126870548,10.146639834356193,44.868638151190076
2096-02-01,43.7273938680527,38.96576504851815,44.78496972622193,38.35375276450753,11.217606914821602,5.473517386943954,3.645247363665821,2.229375949281384,4.442308126870548,10.146639834356193,44.868638151190076,58.732146589750705
2096-03-01,100.08924179461421,114.44728705930277,117.90958851429176,35.97889030924455,8.50189731196225,3.6913926969084963,2.282863098210968,4.442308126870548,10.146639834356193,44.868638151190076,58.732146589750705,159.8622363258129
2096-04-01,166.6940250591134,177.57646532662994,54.549852855061765,10.77318225572597,3.7260016968405028,2.3229784599081564,4.442308126870548,10.146639834356193,44.868638151190076,58.732146589750705,159.8622363258129,206.8193419328082
2096-05-01,177.57646532662994,54.549852855061765,10.77318225572597,3.7260016968405028,2.3229784599081564,4.442308126870548,10.146639834356193,44.868638151190076,58.732146589750705,159.8622363258129,206.8193419328082,196.70282299391053
2096-06-01,54.549852855061765,10.77318225572597,3.7260016968405028,2.3229784599081564,4.442308126870548,10.146639834356193,44.868638151190076,58.732146589750705,159.8622363258129,206.8193419328082,196.70282299391053,226.19567332001998
2096-07-01,10.77318225572597,3.7260016968405028,2.3229784599081564,4.442308126870548,10.146639834356193,44.868638151190076,58.732146589750705,159.8622363258129,206.8193419328082,196.70282299391053,226.19567332001998,83.00133032452163
2096-08-01,3.7260016968405028,2.3229784599081564,4.442308126870548,10.146639834356193,44.868638151190076,58.732146589750705,159.8622363258129,206.8193419328082,196.70282299391053,226.19567332001998,83.00133032452163,12.396996612632648
2096-09-01,2.3229784599081564,4.442308126870548,10.146639834356193,44.868638151190076,58.732146589750705,159.8622363258129,206.8193419328082,196.70282299391053,226.19567332001998,83.00133032452163,12.396996612632648,4.133408011902871
2096-10-01,4.442308126870548,10.146639834356193,44.868638151190076,58.732146589750705,159.8622363258129,206.8193419328082,196.70282299391053,226.19567332001998,83.00133032452163,12.396996612632648,4.133408011902871,2.2992913434551023
2096-11-01,10.146639834356193,44.868638151190076,58.732146589750705,159.8622363258129,206.8193419328082,196.70282299391053,226.19567332001998,83.00133032452163,12.396996612632648,4.133408011902871,2.2992913434551023,4.073631349904693
2096-12-01,44.868638151190076,58.732146589750705,159.8622363258129,206.8193419328082,196.70282299391053,226.19567332001998,83.00133032452163,12.396996612632648,4.133408011902871,2.2992913434551023,4.073631349904693,9.188139592908728
2097-01-01,51.76572238029106,225.88222692825556,312.9594816523169,178.75659527945626,257.1401887347627,139.249255527391,12.780681993024007,5.478575781446475,2.1227839252426404,4.073631349904693,9.08762939251574,41.195330643897165
2097-02-01,225.88222692825556,312.9594816523169,178.75659527945626,257.1401887347627,139.249255527391,12.780681993024007,5.478575781446475,2.1227839252426404,4.073631349904693,9.08762939251574,41.195330643897165,43.94004244927436
2097-03-01,252.3079732411691,184.1294561295316,239.45760849776684,107.10758398289423,12.561433204228944,4.709908484564416,2.223645307078333,4.073631349904693,9.08762939251574,41.195330643897165,43.94004244927436,122.17624633460387
2097-04-01,188.15910176708815,226.19567332001998,83.00133032452163,12.396996612632648,4.133408011902871,2.2992913434551023,4.073631349904693,9.08762939251574,41.195330643897165,43.94004244927436,122.17624633460387,152.19143299675807
2097-05-01,226.19567332001998,83.00133032452163,12.396996612632648,4.133408011902871,2.2992913434551023,4.073631349904693,9.08762939251574,41.195330643897165,43.94004244927436,122.17624633460387,152.19143299675807,172.8769137366275
2097-06-01,83.00133032452163,12.396996612632648,4.133408011902871,2.2992913434551023,4.073631349904693,9.08762939251574,41.195330643897165,43.94004244927436,122.17624633460387,152.19143299675807,172.8769137366275,186.48467272173696
2097-07-01,12.396996612632648,4.133408011902871,2.2992913434551023,4.073631349904693,9.08762939251574,41.195330643897165,43.94004244927436,122.17624633460387,152.19143299675807,172.8769137366275,186.48467272173696,56.38192725452989
2097-08-01,4.133408011902871,2.2992913434551023,4.073631349904693,9.08762939251574,41.195330643897165,43.94004244927436,122.17624633460387,152.19143299675807,172.8769137366275,186.48467272173696,56.38192725452989,10.602717353068154
2097-09-01,2.2992913434551023,4.073631349904693,9.08762939251574,41.195330643897165,43.94004244927436,122.17624633460387,152.19143299675807,172.8769137366275,186.48467272173696,56.38192725452989,10.602717353068154,3.652899967796318
2097-10-01,4.073631349904693,9.08762939251574,41.195330643897165,43.94004244927436,122.17624633460387,152.19143299675807,172.8769137366275,186.48467272173696,56.38192725452989,10.602717353068154,3.652899967796318,2.355176082952313
2097-11-01,9.08762939251574,41.195330643897165,43.94004244927436,122.17624633460387,152.19143299675807,172.8769137366275,186.48467272173696,56.38192725452989,10.602717353068154,3.652899967796318,2.355176082952313,4.7847312944127784
2097-12-01,41.195330643897165,43.94004244927436,122.17624633460387,152.19143299675807,172.8769137366275,186.48467272173696,56.38192725452989,10.602717353068154,3.652899967796318,2.355176082952313,4.7847312944127784,8.335828297190451
2098-01-01,11.135830564347373,56.29527196781501,67.1338914400913,109.98674914238332,78.44068604248906,19.461941712428175,4.706425324983786,3.316289582966988,2.376992277269771,4.793453168984015,8.335828297190451,38.35182868540018
2098-02-01,56.29527196781501,67.1338914400913,109.98674914238332,78.44068604248906,19.461941712428175,4.706425324983786,3.316289582966988,2.376992277269771,4.793453168984015,8.335828297190451,38.35182868540018,45.85065771876617
2098-03-01,115.73820090104374,145.92398605338,140.1801070020593,40.559076307914864,8.075735055317711,3.5086383742980334,2.376992277269771,4.793453168984015,8.335828297190451,38.35182868540018,45.85065771876617,117.05510157475281
2098-04-01,172.8769137366275,186.48467272173696,56.38192725452989,10.602717353068154,3.652899967796318,2.376992277269771,4.793453168984015,8.335828297190451,38.35182868540018,45.85065771876617,117.05510157475281,148.22053946283702
2098-05-01,186.48467272173696,56.38192725452989,10.602717353068154,3.652899967796318,2.376992277269771,4.793453168984015,8.335828297190451,38.35182868540018,45.85065771876617,117.05510157475281,148.22053946283702,164.50237799980502
2098-06-01,56.38192725452989,10.602717353068154,3.652899967796318,2.376992277269771,4.793453168984015,8.335828297190451,38.35182868540018,45.85065771876617,117.05510157475281,148.22053946283702,164.50237799980502,181.3088111298429
2098-07-01,10.602717353068154,3.652899967796318,2.376992277269771,4.793453168984015,8.335828297190451,38.35182868540018,45.85065771876617,117.05510157475281,148.22053946283702,164.50237799980502,181.3088111298429,55.648192314501166
2098-08-01,3.652899967796318,2.376992277269771,4.793453168984015,8.335828297190451,38.35182868540018,45.85065771876617,117.05510157475281,148.22053946283702,164.50237799980502,181.3088111298429,55.648192314501166,10.565506534012506
2098-09-01,2.376992277269771,4.793453168984015,8.335828297190451,38.35182868540018,45.85065771876617,117.05510157475281,148.22053946283702,164.50237799980502,181.3088111298429,55.648192314501166,10.565506534012506,3.6981288156484964
2098-10-01,4.793453168984015,8.335828297190451,38.35182868540018,45.85065771876617,117.05510157475281,148.22053946283702,164.50237799980502,181.3088111298429,55.648192314501166,10.565506534012506,3.6981288156484964,2.4189847061637106
2098-11-01,8.335828297190451,38.35182868540018,45.85065771876617,117.05510157475281,148.22053946283702,164.50237799980502,181.3088111298429,55.648192314501166,10.565506534012506,3.6981288156484964,2.4189847061637106,4.442835821619836
2098-12-01,38.35182868540018,45.85065771876617,117.05510157475281,148.22053946283702,164.50237799980502,181.3088111298429,55.648192314501166,10.565506534012506,3.6981288156484964,2.4189847061637106,4.442835821619836,8.380717121864826
2099-01-01,19.733599277060534,33.250120548485214,49.26487053744661,72.30133832668213,55.14930887896586,16.160134482298933,4.538976639233363,3.5198193983017916,2.566317099884827,4.4341139470485995,8.380717121864826,45.63562482694262
